0.000000000E+00 3.241900000000E-01 2.329090000000E-02 4.079790000000E-01 2.246300000000E-04 2.175990000000E-04 2.175990000000E-04 3.819580000000E-04
1.204013378E+00 3.241930408729E-01 2.334260568562E-02 4.082512187291E-01 2.249528351171E-04 2.179221735786E-04 2.179221735786E-04 3.835545250836E-04
2.408026756E+00 3.241960817458E-01 2.339431137124E-02 4.085234374582E-01 2.252756702341E-04 2.182453471572E-04 2.182453471572E-04 3.851510501672E-04
3.612040134E+00 3.241991226187E-01 2.344601705686E-02 4.087956561873E-01 2.255985053512E-04 2.185685207358E-04 2.185685207358E-04 3.867475752508E-04
4.816053512E+00 3.242021634916E-01 2.349772274247E-02 4.090678749164E-01 2.259213404682E-04 2.188916943144E-04 2.188916943144E-04 3.883441003344E-04
6.020066890E+00 3.242052043645E-01 2.354942842809E-02 4.093400936455E-01 2.262441755853E-04 2.192148678930E-04 2.192148678930E-04 3.899406254181E-04
7.224080268E+00 3.242082452375E-01 2.360113411371E-02 4.096123123746E-01 2.265670107023E-04 2.195380414716E-04 2.195380414716E-04 3.915371505017E-04
8.428093645E+00 3.242112861104E-01 2.365283979933E-02 4.098845311037E-01 2.268898458194E-04 2.198612150502E-04 2.198612150502E-04 3.931336755853E-04
9.632107023E+00 3.242143269833E-01 2.370454548495E-02 4.101567498328E-01 2.272126809365E-04 2.201843886288E-04 2.201843886288E-04 3.947302006689E-04
1.083612040E+01 3.242173678562E-01 2.375625117057E-02 4.104289685619E-01 2.275355160535E-04 2.205075622074E-04 2.205075622074E-04 3.963267257525E-04
1.204013378E+01 3.242204087291E-01 2.380795685619E-02 4.107011872910E-01 2.278583511706E-04 2.208307357860E-04 2.208307357860E-04 3.979232508361E-04
1.324414716E+01 3.242234496020E-01 2.385966254181E-02 4.109734060201E-01 2.281811862876E-04 2.211539093645E-04 2.211539093645E-04 3.995197759197E-04
1.444816054E+01 3.242264904749E-01 2.391136822742E-02 4.112456247492E-01 2.285040214047E-04 2.214770829431E-04 2.214770829431E-04 4.011163010033E-04
1.565217391E+01 3.242295313478E-01 2.396307391304E-02 4.115178434783E-01 2.288268565217E-04 2.218002565217E-04 2.218002565217E-04 4.027128260870E-04
1.685618729E+01 3.242325722207E-01 2.401477959866E-02 4.117900622074E-01 2.291496916388E-04 2.221234301003E-04 2.221234301003E-04 4.043093511706E-04
1.806020067E+01 3.242356130936E-01 2.406648528428E-02 4.120622809365E-01 2.294725267559E-04 2.224466036789E-04 2.224466036789E-04 4.059058762542E-04
1.926421405E+01 3.242386539666E-01 2.411819096990E-02 4.123344996656E-01 2.297953618729E-04 2.227697772575E-04 2.227697772575E-04 4.075024013378E-04
2.046822742E+01 3.242416948395E-01 2.416989665552E-02 4.126067183946E-01 2.301181969900E-04 2.230929508361E-04 2.230929508361E-04 4.090989264214E-04
2.167224080E+01 3.242447357124E-01 2.422160234114E-02 4.128789371237E-01 2.304410321070E-04 2.234161244147E-04 2.234161244147E-04 4.106954515050E-04
2.287625418E+01 3.242477765853E-01 2.427330802676E-02 4.131511558528E-01 2.307638672241E-04 2.237392979933E-04 2.237392979933E-04 4.122919765886E-04
2.408026756E+01 3.242508174582E-01 2.432501371237E-02 4.134233745819E-01 2.310867023411E-04 2.240624715719E-04 2.240624715719E-04 4.138885016722E-04
2.528428094E+01 3.242538583311E-01 2.437671939799E-02 4.136955933110E-01 2.314095374582E-04 2.243856451505E-04 2.243856451505E-04 4.154850267559E-04
2.648829431E+01 3.242568992040E-01 2.442842508361E-02 4.139678120401E-01 2.317323725753E-04 2.247088187291E-04 2.247088187291E-04 4.170815518395E-04
2.769230769E+01 3.242599400769E-01 2.448013076923E-02 4.142400307692E-01 2.320552076923E-04 2.250319923077E-04 2.250319923077E-04 4.186780769231E-04
2.889632107E+01 3.242629809498E-01 2.453183645485E-02 4.145122494983E-01 2.323780428094E-04 2.253551658863E-04 2.253551658863E-04 4.202746020067E-04
3.010033445E+01 3.242660218227E-01 2.458354214047E-02 4.147844682274E-01 2.327008779264E-04 2.256783394649E-04 2.256783394649E-04 4.218711270903E-04
3.130434783E+01 3.242690626957E-01 2.463524782609E-02 4.150566869565E-01 2.330237130435E-04 2.260015130435E-04 2.260015130435E-04 4.234676521739E-04
3.250836120E+01 3.242721035686E-01 2.468695351171E-02 4.153289056856E-01 2.333465481605E-04 2.263246866221E-04 2.263246866221E-04 4.250641772575E-04
3.371237458E+01 3.242751444415E-01 2.473865919732E-02 4.156011244147E-01 2.336693832776E-04 2.266478602007E-04 2.266478602007E-04 4.266607023411E-04
3.491638796E+01 3.242781853144E-01 2.479036488294E-02 4.158733431438E-01 2.339922183946E-04 2.269710337793E-04 2.269710337793E-04 4.282572274247E-04
3.612040134E+01 3.242812261873E-01 2.484207056856E-02 4.161455618729E-01 2.343150535117E-04 2.272942073579E-04 2.272942073579E-04 4.298537525084E-04
3.732441472E+01 3.242842670602E-01 2.489377625418E-02 4.164177806020E-01 2.346378886288E-04 2.276173809365E-04 2.276173809365E-04 4.314502775920E-04
3.852842809E+01 3.242873079331E-01 2.494548193980E-02 4.166899993311E-01 2.349607237458E-04 2.279405545151E-04 2.279405545151E-04 4.330468026756E-04
3.973244147E+01 3.242903488060E-01 2.499718762542E-02 4.169622180602E-01 2.352835588629E-04 2.282637280936E-04 2.282637280936E-04 4.346433277592E-04
4.093645485E+01 3.242933896789E-01 2.504889331104E-02 4.172344367893E-01 2.356063939799E-04 2.285869016722E-04 2.285869016722E-04 4.362398528428E-04
4.214046823E+01 3.242964305518E-01 2.510059899666E-02 4.175066555184E-01 2.359292290970E-04 2.289100752508E-04 2.289100752508E-04 4.378363779264E-04
4.334448161E+01 3.242994714247E-01 2.515230468227E-02 4.177788742475E-01 2.362520642140E-04 2.292332488294E-04 2.292332488294E-04 4.394329030100E-04
4.454849498E+01 3.243025122977E-01 2.520401036789E-02 4.180510929766E-01 2.365748993311E-04 2.295564224080E-04 2.295564224080E-04 4.410294280936E-04
4.575250836E+01 3.243055531706E-01 2.525571605351E-02 4.183233117057E-01 2.368977344482E-04 2.298795959866E-04 2.298795959866E-04 4.426259531773E-04
4.695652174E+01 3.243085940435E-01 2.530742173913E-02 4.185955304348E-01 2.372205695652E-04 2.302027695652E-04 2.302027695652E-04 4.442224782609E-04
4.816053512E+01 3.243116349164E-01 2.535912742475E-02 4.188677491639E-01 2.375434046823E-04 2.305259431438E-04 2.305259431438E-04 4.458190033445E-04
4.936454849E+01 3.243146757893E-01 2.541083311037E-02 4.191399678930E-01 2.378662397993E-04 2.308491167224E-04 2.308491167224E-04 4.474155284281E-04
5.056856187E+01 3.243177166622E-01 2.546253879599E-02 4.194121866221E-01 2.381890749164E-04 2.311722903010E-04 2.311722903010E-04 4.490120535117E-04
5.177257525E+01 3.243207575351E-01 2.551424448161E-02 4.196844053512E-01 2.385119100334E-04 2.314954638796E-04 2.314954638796E-04 4.506085785953E-04
5.297658863E+01 3.243237984080E-01 2.556595016722E-02 4.199566240803E-01 2.388347451505E-04 2.318186374582E-04 2.318186374582E-04 4.522051036789E-04
5.418060201E+01 3.243268392809E-01 2.561765585284E-02 4.202288428094E-01 2.391575802676E-04 2.321418110368E-04 2.321418110368E-04 4.538016287625E-04
5.538461538E+01 3.243298801538E-01 2.566936153846E-02 4.205010615385E-01 2.394804153846E-04 2.324649846154E-04 2.324649846154E-04 4.553981538462E-04
5.658862876E+01 3.243329210268E-01 2.572106722408E-02 4.207732802676E-01 2.398032505017E-04 2.327881581940E-04 2.327881581940E-04 4.569946789298E-04
5.779264214E+01 3.243359618997E-01 2.577277290970E-02 4.210454989967E-01 2.401260856187E-04 2.331113317726E-04 2.331113317726E-04 4.585912040134E-04
5.899665552E+01 3.243390027726E-01 2.582447859532E-02 4.213177177258E-01 2.404489207358E-04 2.334345053512E-04 2.334345053512E-04 4.601877290970E-04
6.020066890E+01 3.243420436455E-01 2.587618428094E-02 4.215899364548E-01 2.407717558528E-04 2.337576789298E-04 2.337576789298E-04 4.617842541806E-04
6.140468227E+01 3.243450845184E-01 2.592788996656E-02 4.218621551839E-01 2.410945909699E-04 2.340808525084E-04 2.340808525084E-04 4.633807792642E-04
6.260869565E+01 3.243481253913E-01 2.597959565217E-02 4.221343739130E-01 2.414174260870E-04 2.344040260870E-04 2.344040260870E-04 4.649773043478E-04
6.381270903E+01 3.243511662642E-01 2.603130133779E-02 4.224065926421E-01 2.417402612040E-04 2.347271996656E-04 2.347271996656E-04 4.665738294314E-04
6.501672241E+01 3.243542071371E-01 2.608300702341E-02 4.226788113712E-01 2.420630963211E-04 2.350503732441E-04 2.350503732441E-04 4.681703545151E-04
6.622073579E+01 3.243572480100E-01 2.613471270903E-02 4.229510301003E-01 2.423859314381E-04 2.353735468227E-04 2.353735468227E-04 4.697668795987E-04
6.742474916E+01 3.243602888829E-01 2.618641839465E-02 4.232232488294E-01 2.427087665552E-04 2.356967204013E-04 2.356967204013E-04 4.713634046823E-04
6.862876254E+01 3.243633297559E-01 2.623812408027E-02 4.234954675585E-01 2.430316016722E-04 2.360198939799E-04 2.360198939799E-04 4.729599297659E-04
6.983277592E+01 3.243663706288E-01 2.628982976589E-02 4.237676862876E-01 2.433544367893E-04 2.363430675585E-04 2.363430675585E-04 4.745564548495E-04
7.103678930E+01 3.243694115017E-01 2.634153545151E-02 4.240399050167E-01 2.436772719064E-04 2.366662411371E-04 2.366662411371E-04 4.761529799331E-04
7.224080268E+01 3.243724523746E-01 2.639324113712E-02 4.243121237458E-01 2.440001070234E-04 2.369894147157E-04 2.369894147157E-04 4.777495050167E-04
7.344481605E+01 3.243754932475E-01 2.644494682274E-02 4.245843424749E-01 2.443229421405E-04 2.373125882943E-04 2.373125882943E-04 4.793460301003E-04
7.464882943E+01 3.243785341204E-01 2.649665250836E-02 4.248565612040E-01 2.446457772575E-04 2.376357618729E-04 2.376357618729E-04 4.809425551839E-04
7.585284281E+01 3.243815749933E-01 2.654835819398E-02 4.251287799331E-01 2.449686123746E-04 2.379589354515E-04 2.379589354515E-04 4.825390802676E-04
7.705685619E+01 3.243846158662E-01 2.660006387960E-02 4.254009986622E-01 2.452914474916E-04 2.382821090301E-04 2.382821090301E-04 4.841356053512E-04
7.826086957E+01 3.243876567391E-01 2.665176956522E-02 4.256732173913E-01 2.456142826087E-04 2.386052826087E-04 2.386052826087E-04 4.857321304348E-04
7.946488294E+01 3.243906976120E-01 2.670347525084E-02 4.259454361204E-01 2.459371177258E-04 2.389284561873E-04 2.389284561873E-04 4.873286555184E-04
8.066889632E+01 3.243937384849E-01 2.675518093645E-02 4.262176548495E-01 2.462599528428E-04 2.392516297659E-04 2.392516297659E-04 4.889251806020E-04
8.187290970E+01 3.243967793579E-01 2.680688662207E-02 4.264898735786E-01 2.465827879599E-04 2.395748033445E-04 2.395748033445E-04 4.905217056856E-04
8.307692308E+01 3.243998202308E-01 2.685859230769E-02 4.267620923077E-01 2.469056230769E-04 2.398979769231E-04 2.398979769231E-04 4.921182307692E-04
8.428093645E+01 3.244028611037E-01 2.691029799331E-02 4.270343110368E-01 2.472284581940E-04 2.402211505017E-04 2.402211505017E-04 4.937147558528E-04
8.548494983E+01 3.244059019766E-01 2.696200367893E-02 4.273065297659E-01 2.475512933110E-04 2.405443240803E-04 2.405443240803E-04 4.953112809365E-04
8.668896321E+01 3.244089428495E-01 2.701370936455E-02 4.275787484950E-01 2.478741284281E-04 2.408674976589E-04 2.408674976589E-04 4.969078060201E-04
8.789297659E+01 3.244119837224E-01 2.706541505017E-02 4.278509672241E-01 2.481969635452E-04 2.411906712375E-04 2.411906712375E-04 4.985043311037E-04
8.909698997E+01 3.244150245953E-01 2.711712073579E-02 4.281231859532E-01 2.485197986622E-04 2.415138448161E-04 2.415138448161E-04 5.001008561873E-04
9.030100334E+01 3.244180654682E-01 2.716882642140E-02 4.283954046823E-01 2.488426337793E-04 2.418370183946E-04 2.418370183946E-04 5.016973812709E-04
9.150501672E+01 3.244211063411E-01 2.722053210702E-02 4.286676234114E-01 2.491654688963E-04 2.421601919732E-04 2.421601919732E-04 5.032939063545E-04
9.270903010E+01 3.244241472140E-01 2.727223779264E-02 4.289398421405E-01 2.494883040134E-04 2.424833655518E-04 2.424833655518E-04 5.048904314381E-04
9.391304348E+01 3.244271880870E-01 2.732394347826E-02 4.292120608696E-01 2.498111391304E-04 2.428065391304E-04 2.428065391304E-04 5.064869565217E-04
9.511705686E+01 3.244302289599E-01 2.737564916388E-02 4.294842795987E-01 2.501339742475E-04 2.431297127090E-04 2.431297127090E-04 5.080834816054E-04
9.632107023E+01 3.244332698328E-01 2.742735484950E-02 4.297564983278E-01 2.504568093645E-04 2.434528862876E-04 2.434528862876E-04 5.096800066890E-04
9.752508361E+01 3.244363107057E-01 2.747906053512E-02 4.300287170569E-01 2.507796444816E-04 2.437760598662E-04 2.437760598662E-04 5.112765317726E-04
9.872909699E+01 3.244393515786E-01 2.753076622074E-02 4.303009357860E-01 2.511024795987E-04 2.440992334448E-04 2.440992334448E-04 5.128730568562E-04
9.993311037E+01 3.244423924515E-01 2.758247190635E-02 4.305731545151E-01 2.514253147157E-04 2.444224070234E-04 2.444224070234E-04 5.144695819398E-04
1.011371237E+02 3.244454333244E-01 2.763417759197E-02 4.308453732441E-01 2.517481498328E-04 2.447455806020E-04 2.447455806020E-04 5.160661070234E-04
1.023411371E+02 3.244484741973E-01 2.768588327759E-02 4.311175919732E-01 2.520709849498E-04 2.450687541806E-04 2.450687541806E-04 5.176626321070E-04
1.035451505E+02 3.244515150702E-01 2.773758896321E-02 4.313898107023E-01 2.523938200669E-04 2.453919277592E-04 2.453919277592E-04 5.192591571906E-04
1.047491639E+02 3.244545559431E-01 2.778929464883E-02 4.316620294314E-01 2.527166551839E-04 2.457151013378E-04 2.457151013378E-04 5.208556822742E-04
1.059531773E+02 3.244575968161E-01 2.784100033445E-02 4.319342481605E-01 2.530394903010E-04 2.460382749164E-04 2.460382749164E-04 5.224522073579E-04
1.071571906E+02 3.244606376890E-01 2.789270602007E-02 4.322064668896E-01 2.533623254181E-04 2.463614484950E-04 2.463614484950E-04 5.240487324415E-04
1.083612040E+02 3.244636785619E-01 2.794441170569E-02 4.324786856187E-01 2.536851605351E-04 2.466846220736E-04 2.466846220736E-04 5.256452575251E-04
1.095652174E+02 3.244667194348E-01 2.799611739130E-02 4.327509043478E-01 2.540079956522E-04 2.470077956522E-04 2.470077956522E-04 5.272417826087E-04
1.107692308E+02 3.244697603077E-01 2.804782307692E-02 4.330231230769E-01 2.543308307692E-04 2.473309692308E-04 2.473309692308E-04 5.288383076923E-04
1.119732441E+02 3.244728011806E-01 2.809952876254E-02 4.332953418060E-01 2.546536658863E-04 2.476541428094E-04 2.476541428094E-04 5.304348327759E-04
1.131772575E+02 3.244758420535E-01 2.815123444816E-02 4.335675605351E-01 2.549765010033E-04 2.479773163880E-04 2.479773163880E-04 5.320313578595E-04
1.143812709E+02 3.244788829264E-01 2.820294013378E-02 4.338397792642E-01 2.552993361204E-04 2.483004899666E-04 2.483004899666E-04 5.336278829431E-04
1.155852843E+02 3.244819237993E-01 2.825464581940E-02 4.341119979933E-01 2.556221712375E-04 2.486236635452E-04 2.486236635452E-04 5.352244080268E-04
1.167892977E+02 3.244849646722E-01 2.830635150502E-02 4.343842167224E-01 2.559450063545E-04 2.489468371237E-04 2.489468371237E-04 5.368209331104E-04
1.179933110E+02 3.244880055452E-01 2.835805719064E-02 4.346564354515E-01 2.562678414716E-04 2.492700107023E-04 2.492700107023E-04 5.384174581940E-04
1.191973244E+02 3.244910464181E-01 2.840976287625E-02 4.349286541806E-01 2.565906765886E-04 2.495931842809E-04 2.495931842809E-04 5.400139832776E-04
1.204013378E+02 3.244940872910E-01 2.846146856187E-02 4.352008729097E-01 2.569135117057E-04 2.499163578595E-04 2.499163578595E-04 5.416105083612E-04
1.216053512E+02 3.244971281639E-01 2.851317424749E-02 4.354730916388E-01 2.572363468227E-04 2.502395314381E-04 2.502395314381E-04 5.432070334448E-04
1.228093645E+02 3.245001690368E-01 2.856487993311E-02 4.357453103679E-01 2.575591819398E-04 2.505627050167E-04 2.505627050167E-04 5.448035585284E-04
1.240133779E+02 3.245032099097E-01 2.861658561873E-02 4.360175290970E-01 2.578820170569E-04 2.508858785953E-04 2.508858785953E-04 5.464000836120E-04
1.252173913E+02 3.245062507826E-01 2.866829130435E-02 4.362897478261E-01 2.582048521739E-04 2.512090521739E-04 2.512090521739E-04 5.479966086957E-04
1.264214047E+02 3.245092916555E-01 2.871999698997E-02 4.365619665552E-01 2.585276872910E-04 2.515322257525E-04 2.515322257525E-04 5.495931337793E-04
1.276254181E+02 3.245123325284E-01 2.877170267559E-02 4.368341852843E-01 2.588505224080E-04 2.518553993311E-04 2.518553993311E-04 5.511896588629E-04
1.288294314E+02 3.245153734013E-01 2.882340836120E-02 4.371064040134E-01 2.591733575251E-04 2.521785729097E-04 2.521785729097E-04 5.527861839465E-04
1.300334448E+02 3.245184142742E-01 2.887511404682E-02 4.373786227425E-01 2.594961926421E-04 2.525017464883E-04 2.525017464883E-04 5.543827090301E-04
1.312374582E+02 3.245214551472E-01 2.892681973244E-02 4.376508414716E-01 2.598190277592E-04 2.528249200669E-04 2.528249200669E-04 5.559792341137E-04
1.324414716E+02 3.245244960201E-01 2.897852541806E-02 4.379230602007E-01 2.601418628763E-04 2.531480936455E-04 2.531480936455E-04 5.575757591973E-04
1.336454849E+02 3.245275368930E-01 2.903023110368E-02 4.381952789298E-01 2.604646979933E-04 2.534712672241E-04 2.534712672241E-04 5.591722842809E-04
1.348494983E+02 3.245305777659E-01 2.908193678930E-02 4.384674976589E-01 2.607875331104E-04 2.537944408027E-04 2.537944408027E-04 5.607688093645E-04
1.360535117E+02 3.245336186388E-01 2.913364247492E-02 4.387397163880E-01 2.611103682274E-04 2.541176143813E-04 2.541176143813E-04 5.623653344482E-04
1.372575251E+02 3.245366595117E-01 2.918534816054E-02 4.390119351171E-01 2.614332033445E-04 2.544407879599E-04 2.544407879599E-04 5.639618595318E-04
1.384615385E+02 3.245397003846E-01 2.923705384615E-02 4.392841538462E-01 2.617560384615E-04 2.547639615385E-04 2.547639615385E-04 5.655583846154E-04
1.396655518E+02 3.245427412575E-01 2.928875953177E-02 4.395563725753E-01 2.620788735786E-04 2.550871351171E-04 2.550871351171E-04 5.671549096990E-04
1.408695652E+02 3.245457821304E-01 2.934046521739E-02 4.398285913043E-01 2.624017086957E-04 2.554103086957E-04 2.554103086957E-04 5.687514347826E-04
1.420735786E+02 3.245488230033E-01 2.939217090301E-02 4.401008100334E-01 2.627245438127E-04 2.557334822742E-04 2.557334822742E-04 5.703479598662E-04
1.432775920E+02 3.245518638763E-01 2.944387658863E-02 4.403730287625E-01 2.630473789298E-04 2.560566558528E-04 2.560566558528E-04 5.719444849498E-04
1.444816054E+02 3.245549047492E-01 2.949558227425E-02 4.406452474916E-01 2.633702140468E-04 2.563798294314E-04 2.563798294314E-04 5.735410100334E-04
1.456856187E+02 3.245579456221E-01 2.954728795987E-02 4.409174662207E-01 2.636930491639E-04 2.567030030100E-04 2.567030030100E-04 5.751375351171E-04
1.468896321E+02 3.245609864950E-01 2.959899364548E-02 4.411896849498E-01 2.640158842809E-04 2.570261765886E-04 2.570261765886E-04 5.767340602007E-04
1.480936455E+02 3.245640273679E-01 2.965069933110E-02 4.414619036789E-01 2.643387193980E-04 2.573493501672E-04 2.573493501672E-04 5.783305852843E-04
1.492976589E+02 3.245670682408E-01 2.970240501672E-02 4.417341224080E-01 2.646615545151E-04 2.576725237458E-04 2.576725237458E-04 5.799271103679E-04
1.505016722E+02 3.245701091137E-01 2.975411070234E-02 4.420063411371E-01 2.649843896321E-04 2.579956973244E-04 2.579956973244E-04 5.815236354515E-04
1.517056856E+02 3.245731499866E-01 2.980581638796E-02 4.422785598662E-01 2.653072247492E-04 2.583188709030E-04 2.583188709030E-04 5.831201605351E-04
1.529096990E+02 3.245761908595E-01 2.985752207358E-02 4.425507785953E-01 2.656300598662E-04 2.586420444816E-04 2.586420444816E-04 5.847166856187E-04
1.541137124E+02 3.245792317324E-01 2.990922775920E-02 4.428229973244E-01 2.659528949833E-04 2.589652180602E-04 2.589652180602E-04 5.863132107023E-04
1.553177258E+02 3.245822726054E-01 2.996093344482E-02 4.430952160535E-01 2.662757301003E-04 2.592883916388E-04 2.592883916388E-04 5.879097357860E-04
1.565217391E+02 3.245853134783E-01 3.001263913043E-02 4.433674347826E-01 2.665985652174E-04 2.596115652174E-04 2.596115652174E-04 5.895062608696E-04
1.577257525E+02 3.245883543512E-01 3.006434481605E-02 4.436396535117E-01 2.669214003344E-04 2.599347387960E-04 2.599347387960E-04 5.911027859532E-04
1.589297659E+02 3.245913952241E-01 3.011605050167E-02 4.439118722408E-01 2.672442354515E-04 2.602579123746E-04 2.602579123746E-04 5.926993110368E-04
1.601337793E+02 3.245944360970E-01 3.016775618729E-02 4.441840909699E-01 2.675670705686E-04 2.605810859532E-04 2.605810859532E-04 5.942958361204E-04
1.613377926E+02 3.245974769699E-01 3.021946187291E-02 4.444563096990E-01 2.678899056856E-04 2.609042595318E-04 2.609042595318E-04 5.958923612040E-04
1.625418060E+02 3.246005178428E-01 3.027116755853E-02 4.447285284281E-01 2.682127408027E-04 2.612274331104E-04 2.612274331104E-04 5.974888862876E-04
1.637458194E+02 3.246035587157E-01 3.032287324415E-02 4.450007471572E-01 2.685355759197E-04 2.615506066890E-04 2.615506066890E-04 5.990854113712E-04
1.649498328E+02 3.246065995886E-01 3.037457892977E-02 4.452729658863E-01 2.688584110368E-04 2.618737802676E-04 2.618737802676E-04 6.006819364548E-04
1.661538462E+02 3.246096404615E-01 3.042628461538E-02 4.455451846154E-01 2.691812461538E-04 2.621969538462E-04 2.621969538462E-04 6.022784615385E-04
1.673578595E+02 3.246126813344E-01 3.047799030100E-02 4.458174033445E-01 2.695040812709E-04 2.625201274247E-04 2.625201274247E-04 6.038749866221E-04
1.685618729E+02 3.246157222074E-01 3.052969598662E-02 4.460896220736E-01 2.698269163880E-04 2.628433010033E-04 2.628433010033E-04 6.054715117057E-04
1.697658863E+02 3.246187630803E-01 3.058140167224E-02 4.463618408027E-01 2.701497515050E-04 2.631664745819E-04 2.631664745819E-04 6.070680367893E-04
1.709698997E+02 3.246218039532E-01 3.063310735786E-02 4.466340595318E-01 2.704725866221E-04 2.634896481605E-04 2.634896481605E-04 6.086645618729E-04
1.721739130E+02 3.246248448261E-01 3.068481304348E-02 4.469062782609E-01 2.707954217391E-04 2.638128217391E-04 2.638128217391E-04 6.102610869565E-04
1.733779264E+02 3.246278856990E-01 3.073651872910E-02 4.471784969900E-01 2.711182568562E-04 2.641359953177E-04 2.641359953177E-04 6.118576120401E-04
1.745819398E+02 3.246309265719E-01 3.078822441472E-02 4.474507157191E-01 2.714410919732E-04 2.644591688963E-04 2.644591688963E-04 6.134541371237E-04
1.757859532E+02 3.246339674448E-01 3.083993010033E-02 4.477229344482E-01 2.717639270903E-04 2.647823424749E-04 2.647823424749E-04 6.150506622074E-04
1.769899666E+02 3.246370083177E-01 3.089163578595E-02 4.479951531773E-01 2.720867622074E-04 2.651055160535E-04 2.651055160535E-04 6.166471872910E-04
1.781939799E+02 3.246400491906E-01 3.094334147157E-02 4.482673719064E-01 2.724095973244E-04 2.654286896321E-04 2.654286896321E-04 6.182437123746E-04
1.793979933E+02 3.246430900635E-01 3.099504715719E-02 4.485395906355E-01 2.727324324415E-04 2.657518632107E-04 2.657518632107E-04 6.198402374582E-04
1.806020067E+02 3.246461309365E-01 3.104675284281E-02 4.488118093645E-01 2.730552675585E-04 2.660750367893E-04 2.660750367893E-04 6.214367625418E-04
1.818060201E+02 3.246491718094E-01 3.109845852843E-02 4.490840280936E-01 2.733781026756E-04 2.663982103679E-04 2.663982103679E-04 6.230332876254E-04
1.830100334E+02 3.246522126823E-01 3.115016421405E-02 4.493562468227E-01 2.737009377926E-04 2.667213839465E-04 2.667213839465E-04 6.246298127090E-04
1.842140468E+02 3.246552535552E-01 3.120186989967E-02 4.496284655518E-01 2.740237729097E-04 2.670445575251E-04 2.670445575251E-04 6.262263377926E-04
1.854180602E+02 3.246582944281E-01 3.125357558528E-02 4.499006842809E-01 2.743466080268E-04 2.673677311037E-04 2.673677311037E-04 6.278228628763E-04
1.866220736E+02 3.246613353010E-01 3.130528127090E-02 4.501729030100E-01 2.746694431438E-04 2.676909046823E-04 2.676909046823E-04 6.294193879599E-04
1.878260870E+02 3.246643761739E-01 3.135698695652E-02 4.504451217391E-01 2.749922782609E-04 2.680140782609E-04 2.680140782609E-04 6.310159130435E-04
1.890301003E+02 3.246674170468E-01 3.140869264214E-02 4.507173404682E-01 2.753151133779E-04 2.683372518395E-04 2.683372518395E-04 6.326124381271E-04
1.902341137E+02 3.246704579197E-01 3.146039832776E-02 4.509895591973E-01 2.756379484950E-04 2.686604254181E-04 2.686604254181E-04 6.342089632107E-04
1.914381271E+02 3.246734987926E-01 3.151210401338E-02 4.512617779264E-01 2.759607836120E-04 2.689835989967E-04 2.689835989967E-04 6.358054882943E-04
1.926421405E+02 3.246765396656E-01 3.156380969900E-02 4.515339966555E-01 2.762836187291E-04 2.693067725753E-04 2.693067725753E-04 6.374020133779E-04
1.938461538E+02 3.246795805385E-01 3.161551538462E-02 4.518062153846E-01 2.766064538462E-04 2.696299461538E-04 2.696299461538E-04 6.389985384615E-04
1.950501672E+02 3.246826214114E-01 3.166722107023E-02 4.520784341137E-01 2.769292889632E-04 2.699531197324E-04 2.699531197324E-04 6.405950635452E-04
1.962541806E+02 3.246856622843E-01 3.171892675585E-02 4.523506528428E-01 2.772521240803E-04 2.702762933110E-04 2.702762933110E-04 6.421915886288E-04
1.974581940E+02 3.246887031572E-01 3.177063244147E-02 4.526228715719E-01 2.775749591973E-04 2.705994668896E-04 2.705994668896E-04 6.437881137124E-04
1.986622074E+02 3.246917440301E-01 3.182233812709E-02 4.528950903010E-01 2.778977943144E-04 2.709226404682E-04 2.709226404682E-04 6.453846387960E-04
1.998662207E+02 3.246947849030E-01 3.187404381271E-02 4.531673090301E-01 2.782206294314E-04 2.712458140468E-04 2.712458140468E-04 6.469811638796E-04
2.010702341E+02 3.246978257759E-01 3.192574949833E-02 4.534395277592E-01 2.785434645485E-04 2.715689876254E-04 2.715689876254E-04 6.485776889632E-04
2.022742475E+02 3.247008666488E-01 3.197745518395E-02 4.537117464883E-01 2.788662996656E-04 2.718921612040E-04 2.718921612040E-04 6.501742140468E-04
2.034782609E+02 3.247039075217E-01 3.202916086957E-02 4.539839652174E-01 2.791891347826E-04 2.722153347826E-04 2.722153347826E-04 6.517707391304E-04
2.046822742E+02 3.247069483946E-01 3.208086655518E-02 4.542561839465E-01 2.795119698997E-04 2.725385083612E-04 2.725385083612E-04 6.533672642140E-04
2.058862876E+02 3.247099892676E-01 3.213257224080E-02 4.545284026756E-01 2.798348050167E-04 2.728616819398E-04 2.728616819398E-04 6.549637892977E-04
2.070903010E+02 3.247130301405E-01 3.218427792642E-02 4.548006214047E-01 2.801576401338E-04 2.731848555184E-04 2.731848555184E-04 6.565603143813E-04
2.082943144E+02 3.247160710134E-01 3.223598361204E-02 4.550728401338E-01 2.804804752508E-04 2.735080290970E-04 2.735080290970E-04 6.581568394649E-04
2.094983278E+02 3.247191118863E-01 3.228768929766E-02 4.553450588629E-01 2.808033103679E-04 2.738312026756E-04 2.738312026756E-04 6.597533645485E-04
2.107023411E+02 3.247221527592E-01 3.233939498328E-02 4.556172775920E-01 2.811261454849E-04 2.741543762542E-04 2.741543762542E-04 6.613498896321E-04
2.119063545E+02 3.247251936321E-01 3.239110066890E-02 4.558894963211E-01 2.814489806020E-04 2.744775498328E-04 2.744775498328E-04 6.629464147157E-04
2.131103679E+02 3.247282345050E-01 3.244280635452E-02 4.561617150502E-01 2.817718157191E-04 2.748007234114E-04 2.748007234114E-04 6.645429397993E-04
2.143143813E+02 3.247312753779E-01 3.249451204013E-02 4.564339337793E-01 2.820946508361E-04 2.751238969900E-04 2.751238969900E-04 6.661394648829E-04
2.155183946E+02 3.247343162508E-01 3.254621772575E-02 4.567061525084E-01 2.824174859532E-04 2.754470705686E-04 2.754470705686E-04 6.677359899666E-04
2.167224080E+02 3.247373571237E-01 3.259792341137E-02 4.569783712375E-01 2.827403210702E-04 2.757702441472E-04 2.757702441472E-04 6.693325150502E-04
2.179264214E+02 3.247403979967E-01 3.264962909699E-02 4.572505899666E-01 2.830631561873E-04 2.760934177258E-04 2.760934177258E-04 6.709290401338E-04
2.191304348E+02 3.247434388696E-01 3.270133478261E-02 4.575228086957E-01 2.833859913043E-04 2.764165913043E-04 2.764165913043E-04 6.725255652174E-04
2.203344482E+02 3.247464797425E-01 3.275304046823E-02 4.577950274247E-01 2.837088264214E-04 2.767397648829E-04 2.767397648829E-04 6.741220903010E-04
2.215384615E+02 3.247495206154E-01 3.280474615385E-02 4.580672461538E-01 2.840316615385E-04 2.770629384615E-04 2.770629384615E-04 6.757186153846E-04
2.227424749E+02 3.247525614883E-01 3.285645183946E-02 4.583394648829E-01 2.843544966555E-04 2.773861120401E-04 2.773861120401E-04 6.773151404682E-04
2.239464883E+02 3.247556023612E-01 3.290815752508E-02 4.586116836120E-01 2.846773317726E-04 2.777092856187E-04 2.777092856187E-04 6.789116655518E-04
2.251505017E+02 3.247586432341E-01 3.295986321070E-02 4.588839023411E-01 2.850001668896E-04 2.780324591973E-04 2.780324591973E-04 6.805081906355E-04
2.263545151E+02 3.247616841070E-01 3.301156889632E-02 4.591561210702E-01 2.853230020067E-04 2.783556327759E-04 2.783556327759E-04 6.821047157191E-04
2.275585284E+02 3.247647249799E-01 3.306327458194E-02 4.594283397993E-01 2.856458371237E-04 2.786788063545E-04 2.786788063545E-04 6.837012408027E-04
2.287625418E+02 3.247677658528E-01 3.311498026756E-02 4.597005585284E-01 2.859686722408E-04 2.790019799331E-04 2.790019799331E-04 6.852977658863E-04
2.299665552E+02 3.247708067258E-01 3.316668595318E-02 4.599727772575E-01 2.862915073579E-04 2.793251535117E-04 2.793251535117E-04 6.868942909699E-04
2.311705686E+02 3.247738475987E-01 3.321839163880E-02 4.602449959866E-01 2.866143424749E-04 2.796483270903E-04 2.796483270903E-04 6.884908160535E-04
2.323745819E+02 3.247768884716E-01 3.327009732441E-02 4.605172147157E-01 2.869371775920E-04 2.799715006689E-04 2.799715006689E-04 6.900873411371E-04
2.335785953E+02 3.247799293445E-01 3.332180301003E-02 4.607894334448E-01 2.872600127090E-04 2.802946742475E-04 2.802946742475E-04 6.916838662207E-04
2.347826087E+02 3.247829702174E-01 3.337350869565E-02 4.610616521739E-01 2.875828478261E-04 2.806178478261E-04 2.806178478261E-04 6.932803913043E-04
2.359866221E+02 3.247860110903E-01 3.342521438127E-02 4.613338709030E-01 2.879056829431E-04 2.809410214047E-04 2.809410214047E-04 6.948769163880E-04
2.371906355E+02 3.247890519632E-01 3.347692006689E-02 4.616060896321E-01 2.882285180602E-04 2.812641949833E-04 2.812641949833E-04 6.964734414716E-04
2.383946488E+02 3.247920928361E-01 3.352862575251E-02 4.618783083612E-01 2.885513531773E-04 2.815873685619E-04 2.815873685619E-04 6.980699665552E-04
2.395986622E+02 3.247951337090E-01 3.358033143813E-02 4.621505270903E-01 2.888741882943E-04 2.819105421405E-04 2.819105421405E-04 6.996664916388E-04
2.408026756E+02 3.247981745819E-01 3.363203712375E-02 4.624227458194E-01 2.891970234114E-04 2.822337157191E-04 2.822337157191E-04 7.012630167224E-04
2.420066890E+02 3.248012154548E-01 3.368374280936E-02 4.626949645485E-01 2.895198585284E-04 2.825568892977E-04 2.825568892977E-04 7.028595418060E-04
2.432107023E+02 3.248042563278E-01 3.373544849498E-02 4.629671832776E-01 2.898426936455E-04 2.828800628763E-04 2.828800628763E-04 7.044560668896E-04
2.444147157E+02 3.248072972007E-01 3.378715418060E-02 4.632394020067E-01 2.901655287625E-04 2.832032364548E-04 2.832032364548E-04 7.060525919732E-04
2.456187291E+02 3.248103380736E-01 3.383885986622E-02 4.635116207358E-01 2.904883638796E-04 2.835264100334E-04 2.835264100334E-04 7.076491170569E-04
2.468227425E+02 3.248133789465E-01 3.389056555184E-02 4.637838394649E-01 2.908111989967E-04 2.838495836120E-04 2.838495836120E-04 7.092456421405E-04
2.480267559E+02 3.248164198194E-01 3.394227123746E-02 4.640560581940E-01 2.911340341137E-04 2.841727571906E-04 2.841727571906E-04 7.108421672241E-04
2.492307692E+02 3.248194606923E-01 3.399397692308E-02 4.643282769231E-01 2.914568692308E-04 2.844959307692E-04 2.844959307692E-04 7.124386923077E-04
2.504347826E+02 3.248225015652E-01 3.404568260870E-02 4.646004956522E-01 2.917797043478E-04 2.848191043478E-04 2.848191043478E-04 7.140352173913E-04
2.516387960E+02 3.248255424381E-01 3.409738829431E-02 4.648727143813E-01 2.921025394649E-04 2.851422779264E-04 2.851422779264E-04 7.156317424749E-04
2.528428094E+02 3.248285833110E-01 3.414909397993E-02 4.651449331104E-01 2.924253745819E-04 2.854654515050E-04 2.854654515050E-04 7.172282675585E-04
2.540468227E+02 3.248316241839E-01 3.420079966555E-02 4.654171518395E-01 2.927482096990E-04 2.857886250836E-04 2.857886250836E-04 7.188247926421E-04
2.552508361E+02 3.248346650569E-01 3.425250535117E-02 4.656893705686E-01 2.930710448161E-04 2.861117986622E-04 2.861117986622E-04 7.204213177258E-04
2.564548495E+02 3.248377059298E-01 3.430421103679E-02 4.659615892977E-01 2.933938799331E-04 2.864349722408E-04 2.864349722408E-04 7.220178428094E-04
2.576588629E+02 3.248407468027E-01 3.435591672241E-02 4.662338080268E-01 2.937167150502E-04 2.867581458194E-04 2.867581458194E-04 7.236143678930E-04
2.588628763E+02 3.248437876756E-01 3.440762240803E-02 4.665060267559E-01 2.940395501672E-04 2.870813193980E-04 2.870813193980E-04 7.252108929766E-04
2.600668896E+02 3.248468285485E-01 3.445932809365E-02 4.667782454849E-01 2.943623852843E-04 2.874044929766E-04 2.874044929766E-04 7.268074180602E-04
2.612709030E+02 3.248498694214E-01 3.451103377926E-02 4.670504642140E-01 2.946852204013E-04 2.877276665552E-04 2.877276665552E-04 7.284039431438E-04
2.624749164E+02 3.248529102943E-01 3.456273946488E-02 4.673226829431E-01 2.950080555184E-04 2.880508401338E-04 2.880508401338E-04 7.300004682274E-04
2.636789298E+02 3.248559511672E-01 3.461444515050E-02 4.675949016722E-01 2.953308906355E-04 2.883740137124E-04 2.883740137124E-04 7.315969933110E-04
2.648829431E+02 3.248589920401E-01 3.466615083612E-02 4.678671204013E-01 2.956537257525E-04 2.886971872910E-04 2.886971872910E-04 7.331935183946E-04
2.660869565E+02 3.248620329130E-01 3.471785652174E-02 4.681393391304E-01 2.959765608696E-04 2.890203608696E-04 2.890203608696E-04 7.347900434783E-04
2.672909699E+02 3.248650737860E-01 3.476956220736E-02 4.684115578595E-01 2.962993959866E-04 2.893435344482E-04 2.893435344482E-04 7.363865685619E-04
2.684949833E+02 3.248681146589E-01 3.482126789298E-02 4.686837765886E-01 2.966222311037E-04 2.896667080268E-04 2.896667080268E-04 7.379830936455E-04
2.696989967E+02 3.248711555318E-01 3.487297357860E-02 4.689559953177E-01 2.969450662207E-04 2.899898816054E-04 2.899898816054E-04 7.395796187291E-04
2.709030100E+02 3.248741964047E-01 3.492467926421E-02 4.692282140468E-01 2.972679013378E-04 2.903130551839E-04 2.903130551839E-04 7.411761438127E-04
2.721070234E+02 3.248772372776E-01 3.497638494983E-02 4.695004327759E-01 2.975907364548E-04 2.906362287625E-04 2.906362287625E-04 7.427726688963E-04
2.733110368E+02 3.248802781505E-01 3.502809063545E-02 4.697726515050E-01 2.979135715719E-04 2.909594023411E-04 2.909594023411E-04 7.443691939799E-04
2.745150502E+02 3.248833190234E-01 3.507979632107E-02 4.700448702341E-01 2.982364066890E-04 2.912825759197E-04 2.912825759197E-04 7.459657190635E-04
2.757190635E+02 3.248863598963E-01 3.513150200669E-02 4.703170889632E-01 2.985592418060E-04 2.916057494983E-04 2.916057494983E-04 7.475622441472E-04
2.769230769E+02 3.248894007692E-01 3.518320769231E-02 4.705893076923E-01 2.988820769231E-04 2.919289230769E-04 2.919289230769E-04 7.491587692308E-04
2.781270903E+02 3.248924416421E-01 3.523491337793E-02 4.708615264214E-01 2.992049120401E-04 2.922520966555E-04 2.922520966555E-04 7.507552943144E-04
2.793311037E+02 3.248954825151E-01 3.528661906355E-02 4.711337451505E-01 2.995277471572E-04 2.925752702341E-04 2.925752702341E-04 7.523518193980E-04
2.805351171E+02 3.248985233880E-01 3.533832474916E-02 4.714059638796E-01 2.998505822742E-04 2.928984438127E-04 2.928984438127E-04 7.539483444816E-04
2.817391304E+02 3.249015642609E-01 3.539003043478E-02 4.716781826087E-01 3.001734173913E-04 2.932216173913E-04 2.932216173913E-04 7.555448695652E-04
2.829431438E+02 3.249046051338E-01 3.544173612040E-02 4.719504013378E-01 3.004962525084E-04 2.935447909699E-04 2.935447909699E-04 7.571413946488E-04
2.841471572E+02 3.249076460067E-01 3.549344180602E-02 4.722226200669E-01 3.008190876254E-04 2.938679645485E-04 2.938679645485E-04 7.587379197324E-04
2.853511706E+02 3.249106868796E-01 3.554514749164E-02 4.724948387960E-01 3.011419227425E-04 2.941911381271E-04 2.941911381271E-04 7.603344448161E-04
2.865551839E+02 3.249137277525E-01 3.559685317726E-02 4.727670575251E-01 3.014647578595E-04 2.945143117057E-04 2.945143117057E-04 7.619309698997E-04
2.877591973E+02 3.249167686254E-01 3.564855886288E-02 4.730392762542E-01 3.017875929766E-04 2.948374852843E-04 2.948374852843E-04 7.635274949833E-04
2.889632107E+02 3.249198094983E-01 3.570026454849E-02 4.733114949833E-01 3.021104280936E-04 2.951606588629E-04 2.951606588629E-04 7.651240200669E-04
2.901672241E+02 3.249228503712E-01 3.575197023411E-02 4.735837137124E-01 3.024332632107E-04 2.954838324415E-04 2.954838324415E-04 7.667205451505E-04
2.913712375E+02 3.249258912441E-01 3.580367591973E-02 4.738559324415E-01 3.027560983278E-04 2.958070060201E-04 2.958070060201E-04 7.683170702341E-04
2.925752508E+02 3.249289321171E-01 3.585538160535E-02 4.741281511706E-01 3.030789334448E-04 2.961301795987E-04 2.961301795987E-04 7.699135953177E-04
2.937792642E+02 3.249319729900E-01 3.590708729097E-02 4.744003698997E-01 3.034017685619E-04 2.964533531773E-04 2.964533531773E-04 7.715101204013E-04
2.949832776E+02 3.249350138629E-01 3.595879297659E-02 4.746725886288E-01 3.037246036789E-04 2.967765267559E-04 2.967765267559E-04 7.731066454849E-04
2.961872910E+02 3.249380547358E-01 3.601049866221E-02 4.749448073579E-01 3.040474387960E-04 2.970997003344E-04 2.970997003344E-04 7.747031705686E-04
2.973913043E+02 3.249410956087E-01 3.606220434783E-02 4.752170260870E-01 3.043702739130E-04 2.974228739130E-04 2.974228739130E-04 7.762996956522E-04
2.985953177E+02 3.249441364816E-01 3.611391003344E-02 4.754892448161E-01 3.046931090301E-04 2.977460474916E-04 2.977460474916E-04 7.778962207358E-04
2.997993311E+02 3.249471773545E-01 3.616561571906E-02 4.757614635452E-01 3.050159441472E-04 2.980692210702E-04 2.980692210702E-04 7.794927458194E-04
3.010033445E+02 3.249502182274E-01 3.621732140468E-02 4.760336822742E-01 3.053387792642E-04 2.983923946488E-04 2.983923946488E-04 7.810892709030E-04
3.022073579E+02 3.249532591003E-01 3.626902709030E-02 4.763059010033E-01 3.056616143813E-04 2.987155682274E-04 2.987155682274E-04 7.826857959866E-04
3.034113712E+02 3.249562999732E-01 3.632073277592E-02 4.765781197324E-01 3.059844494983E-04 2.990387418060E-04 2.990387418060E-04 7.842823210702E-04
3.046153846E+02 3.249593408462E-01 3.637243846154E-02 4.768503384615E-01 3.063072846154E-04 2.993619153846E-04 2.993619153846E-04 7.858788461538E-04
3.058193980E+02 3.249623817191E-01 3.642414414716E-02 4.771225571906E-01 3.066301197324E-04 2.996850889632E-04 2.996850889632E-04 7.874753712375E-04
3.070234114E+02 3.249654225920E-01 3.647584983278E-02 4.773947759197E-01 3.069529548495E-04 3.000082625418E-04 3.000082625418E-04 7.890718963211E-04
3.082274247E+02 3.249684634649E-01 3.652755551839E-02 4.776669946488E-01 3.072757899666E-04 3.003314361204E-04 3.003314361204E-04 7.906684214047E-04
3.094314381E+02 3.249715043378E-01 3.657926120401E-02 4.779392133779E-01 3.075986250836E-04 3.006546096990E-04 3.006546096990E-04 7.922649464883E-04
3.106354515E+02 3.249745452107E-01 3.663096688963E-02 4.782114321070E-01 3.079214602007E-04 3.009777832776E-04 3.009777832776E-04 7.938614715719E-04
3.118394649E+02 3.249775860836E-01 3.668267257525E-02 4.784836508361E-01 3.082442953177E-04 3.013009568562E-04 3.013009568562E-04 7.954579966555E-04
3.130434783E+02 3.249806269565E-01 3.673437826087E-02 4.787558695652E-01 3.085671304348E-04 3.016241304348E-04 3.016241304348E-04 7.970545217391E-04
3.142474916E+02 3.249836678294E-01 3.678608394649E-02 4.790280882943E-01 3.088899655518E-04 3.019473040134E-04 3.019473040134E-04 7.986510468227E-04
3.154515050E+02 3.249867087023E-01 3.683778963211E-02 4.793003070234E-01 3.092128006689E-04 3.022704775920E-04 3.022704775920E-04 8.002475719064E-04
3.166555184E+02 3.249897495753E-01 3.688949531773E-02 4.795725257525E-01 3.095356357860E-04 3.025936511706E-04 3.025936511706E-04 8.018440969900E-04
3.178595318E+02 3.249927904482E-01 3.694120100334E-02 4.798447444816E-01 3.098584709030E-04 3.029168247492E-04 3.029168247492E-04 8.034406220736E-04
3.190635452E+02 3.249958313211E-01 3.699290668896E-02 4.801169632107E-01 3.101813060201E-04 3.032399983278E-04 3.032399983278E-04 8.050371471572E-04
3.202675585E+02 3.249988721940E-01 3.704461237458E-02 4.803891819398E-01 3.105041411371E-04 3.035631719064E-04 3.035631719064E-04 8.066336722408E-04
3.214715719E+02 3.250019130669E-01 3.709631806020E-02 4.806614006689E-01 3.108269762542E-04 3.038863454849E-04 3.038863454849E-04 8.082301973244E-04
3.226755853E+02 3.250049539398E-01 3.714802374582E-02 4.809336193980E-01 3.111498113712E-04 3.042095190635E-04 3.042095190635E-04 8.098267224080E-04
3.238795987E+02 3.250079948127E-01 3.719972943144E-02 4.812058381271E-01 3.114726464883E-04 3.045326926421E-04 3.045326926421E-04 8.114232474916E-04
3.250836120E+02 3.250110356856E-01 3.725143511706E-02 4.814780568562E-01 3.117954816054E-04 3.048558662207E-04 3.048558662207E-04 8.130197725753E-04
3.262876254E+02 3.250140765585E-01 3.730314080268E-02 4.817502755853E-01 3.121183167224E-04 3.051790397993E-04 3.051790397993E-04 8.146162976589E-04
3.274916388E+02 3.250171174314E-01 3.735484648829E-02 4.820224943144E-01 3.124411518395E-04 3.055022133779E-04 3.055022133779E-04 8.162128227425E-04
3.286956522E+02 3.250201583043E-01 3.740655217391E-02 4.822947130435E-01 3.127639869565E-04 3.058253869565E-04 3.058253869565E-04 8.178093478261E-04
3.298996656E+02 3.250231991773E-01 3.745825785953E-02 4.825669317726E-01 3.130868220736E-04 3.061485605351E-04 3.061485605351E-04 8.194058729097E-04
3.311036789E+02 3.250262400502E-01 3.750996354515E-02 4.828391505017E-01 3.134096571906E-04 3.064717341137E-04 3.064717341137E-04 8.210023979933E-04
3.323076923E+02 3.250292809231E-01 3.756166923077E-02 4.831113692308E-01 3.137324923077E-04 3.067949076923E-04 3.067949076923E-04 8.225989230769E-04
3.335117057E+02 3.250323217960E-01 3.761337491639E-02 4.833835879599E-01 3.140553274247E-04 3.071180812709E-04 3.071180812709E-04 8.241954481605E-04
3.347157191E+02 3.250353626689E-01 3.766508060201E-02 4.836558066890E-01 3.143781625418E-04 3.074412548495E-04 3.074412548495E-04 8.257919732441E-04
3.359197324E+02 3.250384035418E-01 3.771678628763E-02 4.839280254181E-01 3.147009976589E-04 3.077644284281E-04 3.077644284281E-04 8.273884983278E-04
3.371237458E+02 3.250414444147E-01 3.776849197324E-02 4.842002441472E-01 3.150238327759E-04 3.080876020067E-04 3.080876020067E-04 8.289850234114E-04
3.383277592E+02 3.250444852876E-01 3.782019765886E-02 4.844724628763E-01 3.153466678930E-04 3.084107755853E-04 3.084107755853E-04 8.305815484950E-04
3.395317726E+02 3.250475261605E-01 3.787190334448E-02 4.847446816054E-01 3.156695030100E-04 3.087339491639E-04 3.087339491639E-04 8.321780735786E-04
3.407357860E+02 3.250505670334E-01 3.792360903010E-02 4.850169003344E-01 3.159923381271E-04 3.090571227425E-04 3.090571227425E-04 8.337745986622E-04
3.419397993E+02 3.250536079064E-01 3.797531471572E-02 4.852891190635E-01 3.163151732441E-04 3.093802963211E-04 3.093802963211E-04 8.353711237458E-04
3.431438127E+02 3.250566487793E-01 3.802702040134E-02 4.855613377926E-01 3.166380083612E-04 3.097034698997E-04 3.097034698997E-04 8.369676488294E-04
3.443478261E+02 3.250596896522E-01 3.807872608696E-02 4.858335565217E-01 3.169608434783E-04 3.100266434783E-04 3.100266434783E-04 8.385641739130E-04
3.455518395E+02 3.250627305251E-01 3.813043177258E-02 4.861057752508E-01 3.172836785953E-04 3.103498170569E-04 3.103498170569E-04 8.401606989967E-04
3.467558528E+02 3.250657713980E-01 3.818213745819E-02 4.863779939799E-01 3.176065137124E-04 3.106729906355E-04 3.106729906355E-04 8.417572240803E-04
3.479598662E+02 3.250688122709E-01 3.823384314381E-02 4.866502127090E-01 3.179293488294E-04 3.109961642140E-04 3.109961642140E-04 8.433537491639E-04
3.491638796E+02 3.250718531438E-01 3.828554882943E-02 4.869224314381E-01 3.182521839465E-04 3.113193377926E-04 3.113193377926E-04 8.449502742475E-04
3.503678930E+02 3.250748940167E-01 3.833725451505E-02 4.871946501672E-01 3.185750190635E-04 3.116425113712E-04 3.116425113712E-04 8.465467993311E-04
3.515719064E+02 3.250779348896E-01 3.838896020067E-02 4.874668688963E-01 3.188978541806E-04 3.119656849498E-04 3.119656849498E-04 8.481433244147E-04
3.527759197E+02 3.250809757625E-01 3.844066588629E-02 4.877390876254E-01 3.192206892977E-04 3.122888585284E-04 3.122888585284E-04 8.497398494983E-04
3.539799331E+02 3.250840166355E-01 3.849237157191E-02 4.880113063545E-01 3.195435244147E-04 3.126120321070E-04 3.126120321070E-04 8.513363745819E-04
3.551839465E+02 3.250870575084E-01 3.854407725753E-02 4.882835250836E-01 3.198663595318E-04 3.129352056856E-04 3.129352056856E-04 8.529328996656E-04
3.563879599E+02 3.250900983813E-01 3.859578294314E-02 4.885557438127E-01 3.201891946488E-04 3.132583792642E-04 3.132583792642E-04 8.545294247492E-04
3.575919732E+02 3.250931392542E-01 3.864748862876E-02 4.888279625418E-01 3.205120297659E-04 3.135815528428E-04 3.135815528428E-04 8.561259498328E-04
3.587959866E+02 3.250961801271E-01 3.869919431438E-02 4.891001812709E-01 3.208348648829E-04 3.139047264214E-04 3.139047264214E-04 8.577224749164E-04
3.600000000E+02 3.250992210000E-01 3.875090000000E-02 4.893724000000E-01 3.211577000000E-04 3.142279000000E-04 3.142279000000E-04 8.593190000000E-04
