0.000000000E+00 -3.234870000000E-01 2.683440000000E-01 -4.354730000000E-01 -1.930400000000E-04 -1.769610000000E-04 -1.769610000000E-04 -3.217130000000E-04
1.204013378E+00 -3.234843466890E-01 2.683872578595E-01 -4.352595267559E-01 -1.929890872910E-04 -1.769102755853E-04 -1.769102755853E-04 -3.216607973244E-04
2.408026756E+00 -3.234816933779E-01 2.684305157191E-01 -4.350460535117E-01 -1.929381745819E-04 -1.768595511706E-04 -1.768595511706E-04 -3.216085946488E-04
3.612040134E+00 -3.234790400669E-01 2.684737735786E-01 -4.348325802676E-01 -1.928872618729E-04 -1.768088267559E-04 -1.768088267559E-04 -3.215563919732E-04
4.816053512E+00 -3.234763867559E-01 2.685170314381E-01 -4.346191070234E-01 -1.928363491639E-04 -1.767581023411E-04 -1.767581023411E-04 -3.215041892977E-04
6.020066890E+00 -3.234737334448E-01 2.685602892977E-01 -4.344056337793E-01 -1.927854364548E-04 -1.767073779264E-04 -1.767073779264E-04 -3.214519866221E-04
7.224080268E+00 -3.234710801338E-01 2.686035471572E-01 -4.341921605351E-01 -1.927345237458E-04 -1.766566535117E-04 -1.766566535117E-04 -3.213997839465E-04
8.428093645E+00 -3.234684268227E-01 2.686468050167E-01 -4.339786872910E-01 -1.926836110368E-04 -1.766059290970E-04 -1.766059290970E-04 -3.213475812709E-04
9.632107023E+00 -3.234657735117E-01 2.686900628763E-01 -4.337652140468E-01 -1.926326983278E-04 -1.765552046823E-04 -1.765552046823E-04 -3.212953785953E-04
1.083612040E+01 -3.234631202007E-01 2.687333207358E-01 -4.335517408027E-01 -1.925817856187E-04 -1.765044802676E-04 -1.765044802676E-04 -3.212431759197E-04
1.204013378E+01 -3.234604668896E-01 2.687765785953E-01 -4.333382675585E-01 -1.925308729097E-04 -1.764537558528E-04 -1.764537558528E-04 -3.211909732441E-04
1.324414716E+01 -3.234578135786E-01 2.688198364548E-01 -4.331247943144E-01 -1.924799602007E-04 -1.764030314381E-04 -1.764030314381E-04 -3.211387705686E-04
1.444816054E+01 -3.234551602676E-01 2.688630943144E-01 -4.329113210702E-01 -1.924290474916E-04 -1.763523070234E-04 -1.763523070234E-04 -3.210865678930E-04
1.565217391E+01 -3.234525069565E-01 2.689063521739E-01 -4.326978478261E-01 -1.923781347826E-04 -1.763015826087E-04 -1.763015826087E-04 -3.210343652174E-04
1.685618729E+01 -3.234498536455E-01 2.689496100334E-01 -4.324843745819E-01 -1.923272220736E-04 -1.762508581940E-04 -1.762508581940E-04 -3.209821625418E-04
1.806020067E+01 -3.234472003344E-01 2.689928678930E-01 -4.322709013378E-01 -1.922763093645E-04 -1.762001337793E-04 -1.762001337793E-04 -3.209299598662E-04
1.926421405E+01 -3.234445470234E-01 2.690361257525E-01 -4.320574280936E-01 -1.922253966555E-04 -1.761494093645E-04 -1.761494093645E-04 -3.208777571906E-04
2.046822742E+01 -3.234418937124E-01 2.690793836120E-01 -4.318439548495E-01 -1.921744839465E-04 -1.760986849498E-04 -1.760986849498E-04 -3.208255545151E-04
2.167224080E+01 -3.234392404013E-01 2.691226414716E-01 -4.316304816054E-01 -1.921235712375E-04 -1.760479605351E-04 -1.760479605351E-04 -3.207733518395E-04
2.287625418E+01 -3.234365870903E-01 2.691658993311E-01 -4.314170083612E-01 -1.920726585284E-04 -1.759972361204E-04 -1.759972361204E-04 -3.207211491639E-04
2.408026756E+01 -3.234339337793E-01 2.692091571906E-01 -4.312035351171E-01 -1.920217458194E-04 -1.759465117057E-04 -1.759465117057E-04 -3.206689464883E-04
2.528428094E+01 -3.234312804682E-01 2.692524150502E-01 -4.309900618729E-01 -1.919708331104E-04 -1.758957872910E-04 -1.758957872910E-04 -3.206167438127E-04
2.648829431E+01 -3.234286271572E-01 2.692956729097E-01 -4.307765886288E-01 -1.919199204013E-04 -1.758450628763E-04 -1.758450628763E-04 -3.205645411371E-04
2.769230769E+01 -3.234259738462E-01 2.693389307692E-01 -4.305631153846E-01 -1.918690076923E-04 -1.757943384615E-04 -1.757943384615E-04 -3.205123384615E-04
2.889632107E+01 -3.234233205351E-01 2.693821886288E-01 -4.303496421405E-01 -1.918180949833E-04 -1.757436140468E-04 -1.757436140468E-04 -3.204601357860E-04
3.010033445E+01 -3.234206672241E-01 2.694254464883E-01 -4.301361688963E-01 -1.917671822742E-04 -1.756928896321E-04 -1.756928896321E-04 -3.204079331104E-04
3.130434783E+01 -3.234180139130E-01 2.694687043478E-01 -4.299226956522E-01 -1.917162695652E-04 -1.756421652174E-04 -1.756421652174E-04 -3.203557304348E-04
3.250836120E+01 -3.234153606020E-01 2.695119622074E-01 -4.297092224080E-01 -1.916653568562E-04 -1.755914408027E-04 -1.755914408027E-04 -3.203035277592E-04
3.371237458E+01 -3.234127072910E-01 2.695552200669E-01 -4.294957491639E-01 -1.916144441472E-04 -1.755407163880E-04 -1.755407163880E-04 -3.202513250836E-04
3.491638796E+01 -3.234100539799E-01 2.695984779264E-01 -4.292822759197E-01 -1.915635314381E-04 -1.754899919732E-04 -1.754899919732E-04 -3.201991224080E-04
3.612040134E+01 -3.234074006689E-01 2.696417357860E-01 -4.290688026756E-01 -1.915126187291E-04 -1.754392675585E-04 -1.754392675585E-04 -3.201469197324E-04
3.732441472E+01 -3.234047473579E-01 2.696849936455E-01 -4.288553294314E-01 -1.914617060201E-04 -1.753885431438E-04 -1.753885431438E-04 -3.200947170569E-04
3.852842809E+01 -3.234020940468E-01 2.697282515050E-01 -4.286418561873E-01 -1.914107933110E-04 -1.753378187291E-04 -1.753378187291E-04 -3.200425143813E-04
3.973244147E+01 -3.233994407358E-01 2.697715093645E-01 -4.284283829431E-01 -1.913598806020E-04 -1.752870943144E-04 -1.752870943144E-04 -3.199903117057E-04
4.093645485E+01 -3.233967874247E-01 2.698147672241E-01 -4.282149096990E-01 -1.913089678930E-04 -1.752363698997E-04 -1.752363698997E-04 -3.199381090301E-04
4.214046823E+01 -3.233941341137E-01 2.698580250836E-01 -4.280014364548E-01 -1.912580551839E-04 -1.751856454849E-04 -1.751856454849E-04 -3.198859063545E-04
4.334448161E+01 -3.233914808027E-01 2.699012829431E-01 -4.277879632107E-01 -1.912071424749E-04 -1.751349210702E-04 -1.751349210702E-04 -3.198337036789E-04
4.454849498E+01 -3.233888274916E-01 2.699445408027E-01 -4.275744899666E-01 -1.911562297659E-04 -1.750841966555E-04 -1.750841966555E-04 -3.197815010033E-04
4.575250836E+01 -3.233861741806E-01 2.699877986622E-01 -4.273610167224E-01 -1.911053170569E-04 -1.750334722408E-04 -1.750334722408E-04 -3.197292983278E-04
4.695652174E+01 -3.233835208696E-01 2.700310565217E-01 -4.271475434783E-01 -1.910544043478E-04 -1.749827478261E-04 -1.749827478261E-04 -3.196770956522E-04
4.816053512E+01 -3.233808675585E-01 2.700743143813E-01 -4.269340702341E-01 -1.910034916388E-04 -1.749320234114E-04 -1.749320234114E-04 -3.196248929766E-04
4.936454849E+01 -3.233782142475E-01 2.701175722408E-01 -4.267205969900E-01 -1.909525789298E-04 -1.748812989967E-04 -1.748812989967E-04 -3.195726903010E-04
5.056856187E+01 -3.233755609365E-01 2.701608301003E-01 -4.265071237458E-01 -1.909016662207E-04 -1.748305745819E-04 -1.748305745819E-04 -3.195204876254E-04
5.177257525E+01 -3.233729076254E-01 2.702040879599E-01 -4.262936505017E-01 -1.908507535117E-04 -1.747798501672E-04 -1.747798501672E-04 -3.194682849498E-04
5.297658863E+01 -3.233702543144E-01 2.702473458194E-01 -4.260801772575E-01 -1.907998408027E-04 -1.747291257525E-04 -1.747291257525E-04 -3.194160822742E-04
5.418060201E+01 -3.233676010033E-01 2.702906036789E-01 -4.258667040134E-01 -1.907489280936E-04 -1.746784013378E-04 -1.746784013378E-04 -3.193638795987E-04
5.538461538E+01 -3.233649476923E-01 2.703338615385E-01 -4.256532307692E-01 -1.906980153846E-04 -1.746276769231E-04 -1.746276769231E-04 -3.193116769231E-04
5.658862876E+01 -3.233622943813E-01 2.703771193980E-01 -4.254397575251E-01 -1.906471026756E-04 -1.745769525084E-04 -1.745769525084E-04 -3.192594742475E-04
5.779264214E+01 -3.233596410702E-01 2.704203772575E-01 -4.252262842809E-01 -1.905961899666E-04 -1.745262280936E-04 -1.745262280936E-04 -3.192072715719E-04
5.899665552E+01 -3.233569877592E-01 2.704636351171E-01 -4.250128110368E-01 -1.905452772575E-04 -1.744755036789E-04 -1.744755036789E-04 -3.191550688963E-04
6.020066890E+01 -3.233543344482E-01 2.705068929766E-01 -4.247993377926E-01 -1.904943645485E-04 -1.744247792642E-04 -1.744247792642E-04 -3.191028662207E-04
6.140468227E+01 -3.233516811371E-01 2.705501508361E-01 -4.245858645485E-01 -1.904434518395E-04 -1.743740548495E-04 -1.743740548495E-04 -3.190506635452E-04
6.260869565E+01 -3.233490278261E-01 2.705934086957E-01 -4.243723913043E-01 -1.903925391304E-04 -1.743233304348E-04 -1.743233304348E-04 -3.189984608696E-04
6.381270903E+01 -3.233463745151E-01 2.706366665552E-01 -4.241589180602E-01 -1.903416264214E-04 -1.742726060201E-04 -1.742726060201E-04 -3.189462581940E-04
6.501672241E+01 -3.233437212040E-01 2.706799244147E-01 -4.239454448161E-01 -1.902907137124E-04 -1.742218816054E-04 -1.742218816054E-04 -3.188940555184E-04
6.622073579E+01 -3.233410678930E-01 2.707231822742E-01 -4.237319715719E-01 -1.902398010033E-04 -1.741711571906E-04 -1.741711571906E-04 -3.188418528428E-04
6.742474916E+01 -3.233384145819E-01 2.707664401338E-01 -4.235184983278E-01 -1.901888882943E-04 -1.741204327759E-04 -1.741204327759E-04 -3.187896501672E-04
6.862876254E+01 -3.233357612709E-01 2.708096979933E-01 -4.233050250836E-01 -1.901379755853E-04 -1.740697083612E-04 -1.740697083612E-04 -3.187374474916E-04
6.983277592E+01 -3.233331079599E-01 2.708529558528E-01 -4.230915518395E-01 -1.900870628763E-04 -1.740189839465E-04 -1.740189839465E-04 -3.186852448161E-04
7.103678930E+01 -3.233304546488E-01 2.708962137124E-01 -4.228780785953E-01 -1.900361501672E-04 -1.739682595318E-04 -1.739682595318E-04 -3.186330421405E-04
7.224080268E+01 -3.233278013378E-01 2.709394715719E-01 -4.226646053512E-01 -1.899852374582E-04 -1.739175351171E-04 -1.739175351171E-04 -3.185808394649E-04
7.344481605E+01 -3.233251480268E-01 2.709827294314E-01 -4.224511321070E-01 -1.899343247492E-04 -1.738668107023E-04 -1.738668107023E-04 -3.185286367893E-04
7.464882943E+01 -3.233224947157E-01 2.710259872910E-01 -4.222376588629E-01 -1.898834120401E-04 -1.738160862876E-04 -1.738160862876E-04 -3.184764341137E-04
7.585284281E+01 -3.233198414047E-01 2.710692451505E-01 -4.220241856187E-01 -1.898324993311E-04 -1.737653618729E-04 -1.737653618729E-04 -3.184242314381E-04
7.705685619E+01 -3.233171880936E-01 2.711125030100E-01 -4.218107123746E-01 -1.897815866221E-04 -1.737146374582E-04 -1.737146374582E-04 -3.183720287625E-04
7.826086957E+01 -3.233145347826E-01 2.711557608696E-01 -4.215972391304E-01 -1.897306739130E-04 -1.736639130435E-04 -1.736639130435E-04 -3.183198260870E-04
7.946488294E+01 -3.233118814716E-01 2.711990187291E-01 -4.213837658863E-01 -1.896797612040E-04 -1.736131886288E-04 -1.736131886288E-04 -3.182676234114E-04
8.066889632E+01 -3.233092281605E-01 2.712422765886E-01 -4.211702926421E-01 -1.896288484950E-04 -1.735624642140E-04 -1.735624642140E-04 -3.182154207358E-04
8.187290970E+01 -3.233065748495E-01 2.712855344482E-01 -4.209568193980E-01 -1.895779357860E-04 -1.735117397993E-04 -1.735117397993E-04 -3.181632180602E-04
8.307692308E+01 -3.233039215385E-01 2.713287923077E-01 -4.207433461538E-01 -1.895270230769E-04 -1.734610153846E-04 -1.734610153846E-04 -3.181110153846E-04
8.428093645E+01 -3.233012682274E-01 2.713720501672E-01 -4.205298729097E-01 -1.894761103679E-04 -1.734102909699E-04 -1.734102909699E-04 -3.180588127090E-04
8.548494983E+01 -3.232986149164E-01 2.714153080268E-01 -4.203163996656E-01 -1.894251976589E-04 -1.733595665552E-04 -1.733595665552E-04 -3.180066100334E-04
8.668896321E+01 -3.232959616054E-01 2.714585658863E-01 -4.201029264214E-01 -1.893742849498E-04 -1.733088421405E-04 -1.733088421405E-04 -3.179544073579E-04
8.789297659E+01 -3.232933082943E-01 2.715018237458E-01 -4.198894531773E-01 -1.893233722408E-04 -1.732581177258E-04 -1.732581177258E-04 -3.179022046823E-04
8.909698997E+01 -3.232906549833E-01 2.715450816054E-01 -4.196759799331E-01 -1.892724595318E-04 -1.732073933110E-04 -1.732073933110E-04 -3.178500020067E-04
9.030100334E+01 -3.232880016722E-01 2.715883394649E-01 -4.194625066890E-01 -1.892215468227E-04 -1.731566688963E-04 -1.731566688963E-04 -3.177977993311E-04
9.150501672E+01 -3.232853483612E-01 2.716315973244E-01 -4.192490334448E-01 -1.891706341137E-04 -1.731059444816E-04 -1.731059444816E-04 -3.177455966555E-04
9.270903010E+01 -3.232826950502E-01 2.716748551839E-01 -4.190355602007E-01 -1.891197214047E-04 -1.730552200669E-04 -1.730552200669E-04 -3.176933939799E-04
9.391304348E+01 -3.232800417391E-01 2.717181130435E-01 -4.188220869565E-01 -1.890688086957E-04 -1.730044956522E-04 -1.730044956522E-04 -3.176411913043E-04
9.511705686E+01 -3.232773884281E-01 2.717613709030E-01 -4.186086137124E-01 -1.890178959866E-04 -1.729537712375E-04 -1.729537712375E-04 -3.175889886288E-04
9.632107023E+01 -3.232747351171E-01 2.718046287625E-01 -4.183951404682E-01 -1.889669832776E-04 -1.729030468227E-04 -1.729030468227E-04 -3.175367859532E-04
9.752508361E+01 -3.232720818060E-01 2.718478866221E-01 -4.181816672241E-01 -1.889160705686E-04 -1.728523224080E-04 -1.728523224080E-04 -3.174845832776E-04
9.872909699E+01 -3.232694284950E-01 2.718911444816E-01 -4.179681939799E-01 -1.888651578595E-04 -1.728015979933E-04 -1.728015979933E-04 -3.174323806020E-04
9.993311037E+01 -3.232667751839E-01 2.719344023411E-01 -4.177547207358E-01 -1.888142451505E-04 -1.727508735786E-04 -1.727508735786E-04 -3.173801779264E-04
1.011371237E+02 -3.232641218729E-01 2.719776602007E-01 -4.175412474916E-01 -1.887633324415E-04 -1.727001491639E-04 -1.727001491639E-04 -3.173279752508E-04
1.023411371E+02 -3.232614685619E-01 2.720209180602E-01 -4.173277742475E-01 -1.887124197324E-04 -1.726494247492E-04 -1.726494247492E-04 -3.172757725753E-04
1.035451505E+02 -3.232588152508E-01 2.720641759197E-01 -4.171143010033E-01 -1.886615070234E-04 -1.725987003344E-04 -1.725987003344E-04 -3.172235698997E-04
1.047491639E+02 -3.232561619398E-01 2.721074337793E-01 -4.169008277592E-01 -1.886105943144E-04 -1.725479759197E-04 -1.725479759197E-04 -3.171713672241E-04
1.059531773E+02 -3.232535086288E-01 2.721506916388E-01 -4.166873545151E-01 -1.885596816054E-04 -1.724972515050E-04 -1.724972515050E-04 -3.171191645485E-04
1.071571906E+02 -3.232508553177E-01 2.721939494983E-01 -4.164738812709E-01 -1.885087688963E-04 -1.724465270903E-04 -1.724465270903E-04 -3.170669618729E-04
1.083612040E+02 -3.232482020067E-01 2.722372073579E-01 -4.162604080268E-01 -1.884578561873E-04 -1.723958026756E-04 -1.723958026756E-04 -3.170147591973E-04
1.095652174E+02 -3.232455486957E-01 2.722804652174E-01 -4.160469347826E-01 -1.884069434783E-04 -1.723450782609E-04 -1.723450782609E-04 -3.169625565217E-04
1.107692308E+02 -3.232428953846E-01 2.723237230769E-01 -4.158334615385E-01 -1.883560307692E-04 -1.722943538462E-04 -1.722943538462E-04 -3.169103538462E-04
1.119732441E+02 -3.232402420736E-01 2.723669809365E-01 -4.156199882943E-01 -1.883051180602E-04 -1.722436294314E-04 -1.722436294314E-04 -3.168581511706E-04
1.131772575E+02 -3.232375887625E-01 2.724102387960E-01 -4.154065150502E-01 -1.882542053512E-04 -1.721929050167E-04 -1.721929050167E-04 -3.168059484950E-04
1.143812709E+02 -3.232349354515E-01 2.724534966555E-01 -4.151930418060E-01 -1.882032926421E-04 -1.721421806020E-04 -1.721421806020E-04 -3.167537458194E-04
1.155852843E+02 -3.232322821405E-01 2.724967545151E-01 -4.149795685619E-01 -1.881523799331E-04 -1.720914561873E-04 -1.720914561873E-04 -3.167015431438E-04
1.167892977E+02 -3.232296288294E-01 2.725400123746E-01 -4.147660953177E-01 -1.881014672241E-04 -1.720407317726E-04 -1.720407317726E-04 -3.166493404682E-04
1.179933110E+02 -3.232269755184E-01 2.725832702341E-01 -4.145526220736E-01 -1.880505545151E-04 -1.719900073579E-04 -1.719900073579E-04 -3.165971377926E-04
1.191973244E+02 -3.232243222074E-01 2.726265280936E-01 -4.143391488294E-01 -1.879996418060E-04 -1.719392829431E-04 -1.719392829431E-04 -3.165449351171E-04
1.204013378E+02 -3.232216688963E-01 2.726697859532E-01 -4.141256755853E-01 -1.879487290970E-04 -1.718885585284E-04 -1.718885585284E-04 -3.164927324415E-04
1.216053512E+02 -3.232190155853E-01 2.727130438127E-01 -4.139122023411E-01 -1.878978163880E-04 -1.718378341137E-04 -1.718378341137E-04 -3.164405297659E-04
1.228093645E+02 -3.232163622742E-01 2.727563016722E-01 -4.136987290970E-01 -1.878469036789E-04 -1.717871096990E-04 -1.717871096990E-04 -3.163883270903E-04
1.240133779E+02 -3.232137089632E-01 2.727995595318E-01 -4.134852558528E-01 -1.877959909699E-04 -1.717363852843E-04 -1.717363852843E-04 -3.163361244147E-04
1.252173913E+02 -3.232110556522E-01 2.728428173913E-01 -4.132717826087E-01 -1.877450782609E-04 -1.716856608696E-04 -1.716856608696E-04 -3.162839217391E-04
1.264214047E+02 -3.232084023411E-01 2.728860752508E-01 -4.130583093645E-01 -1.876941655518E-04 -1.716349364548E-04 -1.716349364548E-04 -3.162317190635E-04
1.276254181E+02 -3.232057490301E-01 2.729293331104E-01 -4.128448361204E-01 -1.876432528428E-04 -1.715842120401E-04 -1.715842120401E-04 -3.161795163880E-04
1.288294314E+02 -3.232030957191E-01 2.729725909699E-01 -4.126313628763E-01 -1.875923401338E-04 -1.715334876254E-04 -1.715334876254E-04 -3.161273137124E-04
1.300334448E+02 -3.232004424080E-01 2.730158488294E-01 -4.124178896321E-01 -1.875414274247E-04 -1.714827632107E-04 -1.714827632107E-04 -3.160751110368E-04
1.312374582E+02 -3.231977890970E-01 2.730591066890E-01 -4.122044163880E-01 -1.874905147157E-04 -1.714320387960E-04 -1.714320387960E-04 -3.160229083612E-04
1.324414716E+02 -3.231951357860E-01 2.731023645485E-01 -4.119909431438E-01 -1.874396020067E-04 -1.713813143813E-04 -1.713813143813E-04 -3.159707056856E-04
1.336454849E+02 -3.231924824749E-01 2.731456224080E-01 -4.117774698997E-01 -1.873886892977E-04 -1.713305899666E-04 -1.713305899666E-04 -3.159185030100E-04
1.348494983E+02 -3.231898291639E-01 2.731888802676E-01 -4.115639966555E-01 -1.873377765886E-04 -1.712798655518E-04 -1.712798655518E-04 -3.158663003344E-04
1.360535117E+02 -3.231871758528E-01 2.732321381271E-01 -4.113505234114E-01 -1.872868638796E-04 -1.712291411371E-04 -1.712291411371E-04 -3.158140976589E-04
1.372575251E+02 -3.231845225418E-01 2.732753959866E-01 -4.111370501672E-01 -1.872359511706E-04 -1.711784167224E-04 -1.711784167224E-04 -3.157618949833E-04
1.384615385E+02 -3.231818692308E-01 2.733186538462E-01 -4.109235769231E-01 -1.871850384615E-04 -1.711276923077E-04 -1.711276923077E-04 -3.157096923077E-04
1.396655518E+02 -3.231792159197E-01 2.733619117057E-01 -4.107101036789E-01 -1.871341257525E-04 -1.710769678930E-04 -1.710769678930E-04 -3.156574896321E-04
1.408695652E+02 -3.231765626087E-01 2.734051695652E-01 -4.104966304348E-01 -1.870832130435E-04 -1.710262434783E-04 -1.710262434783E-04 -3.156052869565E-04
1.420735786E+02 -3.231739092977E-01 2.734484274247E-01 -4.102831571906E-01 -1.870323003344E-04 -1.709755190635E-04 -1.709755190635E-04 -3.155530842809E-04
1.432775920E+02 -3.231712559866E-01 2.734916852843E-01 -4.100696839465E-01 -1.869813876254E-04 -1.709247946488E-04 -1.709247946488E-04 -3.155008816054E-04
1.444816054E+02 -3.231686026756E-01 2.735349431438E-01 -4.098562107023E-01 -1.869304749164E-04 -1.708740702341E-04 -1.708740702341E-04 -3.154486789298E-04
1.456856187E+02 -3.231659493645E-01 2.735782010033E-01 -4.096427374582E-01 -1.868795622074E-04 -1.708233458194E-04 -1.708233458194E-04 -3.153964762542E-04
1.468896321E+02 -3.231632960535E-01 2.736214588629E-01 -4.094292642140E-01 -1.868286494983E-04 -1.707726214047E-04 -1.707726214047E-04 -3.153442735786E-04
1.480936455E+02 -3.231606427425E-01 2.736647167224E-01 -4.092157909699E-01 -1.867777367893E-04 -1.707218969900E-04 -1.707218969900E-04 -3.152920709030E-04
1.492976589E+02 -3.231579894314E-01 2.737079745819E-01 -4.090023177258E-01 -1.867268240803E-04 -1.706711725753E-04 -1.706711725753E-04 -3.152398682274E-04
1.505016722E+02 -3.231553361204E-01 2.737512324415E-01 -4.087888444816E-01 -1.866759113712E-04 -1.706204481605E-04 -1.706204481605E-04 -3.151876655518E-04
1.517056856E+02 -3.231526828094E-01 2.737944903010E-01 -4.085753712375E-01 -1.866249986622E-04 -1.705697237458E-04 -1.705697237458E-04 -3.151354628763E-04
1.529096990E+02 -3.231500294983E-01 2.738377481605E-01 -4.083618979933E-01 -1.865740859532E-04 -1.705189993311E-04 -1.705189993311E-04 -3.150832602007E-04
1.541137124E+02 -3.231473761873E-01 2.738810060201E-01 -4.081484247492E-01 -1.865231732441E-04 -1.704682749164E-04 -1.704682749164E-04 -3.150310575251E-04
1.553177258E+02 -3.231447228763E-01 2.739242638796E-01 -4.079349515050E-01 -1.864722605351E-04 -1.704175505017E-04 -1.704175505017E-04 -3.149788548495E-04
1.565217391E+02 -3.231420695652E-01 2.739675217391E-01 -4.077214782609E-01 -1.864213478261E-04 -1.703668260870E-04 -1.703668260870E-04 -3.149266521739E-04
1.577257525E+02 -3.231394162542E-01 2.740107795987E-01 -4.075080050167E-01 -1.863704351171E-04 -1.703161016722E-04 -1.703161016722E-04 -3.148744494983E-04
1.589297659E+02 -3.231367629431E-01 2.740540374582E-01 -4.072945317726E-01 -1.863195224080E-04 -1.702653772575E-04 -1.702653772575E-04 -3.148222468227E-04
1.601337793E+02 -3.231341096321E-01 2.740972953177E-01 -4.070810585284E-01 -1.862686096990E-04 -1.702146528428E-04 -1.702146528428E-04 -3.147700441472E-04
1.613377926E+02 -3.231314563211E-01 2.741405531773E-01 -4.068675852843E-01 -1.862176969900E-04 -1.701639284281E-04 -1.701639284281E-04 -3.147178414716E-04
1.625418060E+02 -3.231288030100E-01 2.741838110368E-01 -4.066541120401E-01 -1.861667842809E-04 -1.701132040134E-04 -1.701132040134E-04 -3.146656387960E-04
1.637458194E+02 -3.231261496990E-01 2.742270688963E-01 -4.064406387960E-01 -1.861158715719E-04 -1.700624795987E-04 -1.700624795987E-04 -3.146134361204E-04
1.649498328E+02 -3.231234963880E-01 2.742703267559E-01 -4.062271655518E-01 -1.860649588629E-04 -1.700117551839E-04 -1.700117551839E-04 -3.145612334448E-04
1.661538462E+02 -3.231208430769E-01 2.743135846154E-01 -4.060136923077E-01 -1.860140461538E-04 -1.699610307692E-04 -1.699610307692E-04 -3.145090307692E-04
1.673578595E+02 -3.231181897659E-01 2.743568424749E-01 -4.058002190635E-01 -1.859631334448E-04 -1.699103063545E-04 -1.699103063545E-04 -3.144568280936E-04
1.685618729E+02 -3.231155364548E-01 2.744001003344E-01 -4.055867458194E-01 -1.859122207358E-04 -1.698595819398E-04 -1.698595819398E-04 -3.144046254181E-04
1.697658863E+02 -3.231128831438E-01 2.744433581940E-01 -4.053732725753E-01 -1.858613080268E-04 -1.698088575251E-04 -1.698088575251E-04 -3.143524227425E-04
1.709698997E+02 -3.231102298328E-01 2.744866160535E-01 -4.051597993311E-01 -1.858103953177E-04 -1.697581331104E-04 -1.697581331104E-04 -3.143002200669E-04
1.721739130E+02 -3.231075765217E-01 2.745298739130E-01 -4.049463260870E-01 -1.857594826087E-04 -1.697074086957E-04 -1.697074086957E-04 -3.142480173913E-04
1.733779264E+02 -3.231049232107E-01 2.745731317726E-01 -4.047328528428E-01 -1.857085698997E-04 -1.696566842809E-04 -1.696566842809E-04 -3.141958147157E-04
1.745819398E+02 -3.231022698997E-01 2.746163896321E-01 -4.045193795987E-01 -1.856576571906E-04 -1.696059598662E-04 -1.696059598662E-04 -3.141436120401E-04
1.757859532E+02 -3.230996165886E-01 2.746596474916E-01 -4.043059063545E-01 -1.856067444816E-04 -1.695552354515E-04 -1.695552354515E-04 -3.140914093645E-04
1.769899666E+02 -3.230969632776E-01 2.747029053512E-01 -4.040924331104E-01 -1.855558317726E-04 -1.695045110368E-04 -1.695045110368E-04 -3.140392066890E-04
1.781939799E+02 -3.230943099666E-01 2.747461632107E-01 -4.038789598662E-01 -1.855049190635E-04 -1.694537866221E-04 -1.694537866221E-04 -3.139870040134E-04
1.793979933E+02 -3.230916566555E-01 2.747894210702E-01 -4.036654866221E-01 -1.854540063545E-04 -1.694030622074E-04 -1.694030622074E-04 -3.139348013378E-04
1.806020067E+02 -3.230890033445E-01 2.748326789298E-01 -4.034520133779E-01 -1.854030936455E-04 -1.693523377926E-04 -1.693523377926E-04 -3.138825986622E-04
1.818060201E+02 -3.230863500334E-01 2.748759367893E-01 -4.032385401338E-01 -1.853521809365E-04 -1.693016133779E-04 -1.693016133779E-04 -3.138303959866E-04
1.830100334E+02 -3.230836967224E-01 2.749191946488E-01 -4.030250668896E-01 -1.853012682274E-04 -1.692508889632E-04 -1.692508889632E-04 -3.137781933110E-04
1.842140468E+02 -3.230810434114E-01 2.749624525084E-01 -4.028115936455E-01 -1.852503555184E-04 -1.692001645485E-04 -1.692001645485E-04 -3.137259906355E-04
1.854180602E+02 -3.230783901003E-01 2.750057103679E-01 -4.025981204013E-01 -1.851994428094E-04 -1.691494401338E-04 -1.691494401338E-04 -3.136737879599E-04
1.866220736E+02 -3.230757367893E-01 2.750489682274E-01 -4.023846471572E-01 -1.851485301003E-04 -1.690987157191E-04 -1.690987157191E-04 -3.136215852843E-04
1.878260870E+02 -3.230730834783E-01 2.750922260870E-01 -4.021711739130E-01 -1.850976173913E-04 -1.690479913043E-04 -1.690479913043E-04 -3.135693826087E-04
1.890301003E+02 -3.230704301672E-01 2.751354839465E-01 -4.019577006689E-01 -1.850467046823E-04 -1.689972668896E-04 -1.689972668896E-04 -3.135171799331E-04
1.902341137E+02 -3.230677768562E-01 2.751787418060E-01 -4.017442274247E-01 -1.849957919732E-04 -1.689465424749E-04 -1.689465424749E-04 -3.134649772575E-04
1.914381271E+02 -3.230651235452E-01 2.752219996656E-01 -4.015307541806E-01 -1.849448792642E-04 -1.688958180602E-04 -1.688958180602E-04 -3.134127745819E-04
1.926421405E+02 -3.230624702341E-01 2.752652575251E-01 -4.013172809365E-01 -1.848939665552E-04 -1.688450936455E-04 -1.688450936455E-04 -3.133605719064E-04
1.938461538E+02 -3.230598169231E-01 2.753085153846E-01 -4.011038076923E-01 -1.848430538462E-04 -1.687943692308E-04 -1.687943692308E-04 -3.133083692308E-04
1.950501672E+02 -3.230571636120E-01 2.753517732441E-01 -4.008903344482E-01 -1.847921411371E-04 -1.687436448161E-04 -1.687436448161E-04 -3.132561665552E-04
1.962541806E+02 -3.230545103010E-01 2.753950311037E-01 -4.006768612040E-01 -1.847412284281E-04 -1.686929204013E-04 -1.686929204013E-04 -3.132039638796E-04
1.974581940E+02 -3.230518569900E-01 2.754382889632E-01 -4.004633879599E-01 -1.846903157191E-04 -1.686421959866E-04 -1.686421959866E-04 -3.131517612040E-04
1.986622074E+02 -3.230492036789E-01 2.754815468227E-01 -4.002499147157E-01 -1.846394030100E-04 -1.685914715719E-04 -1.685914715719E-04 -3.130995585284E-04
1.998662207E+02 -3.230465503679E-01 2.755248046823E-01 -4.000364414716E-01 -1.845884903010E-04 -1.685407471572E-04 -1.685407471572E-04 -3.130473558528E-04
2.010702341E+02 -3.230438970569E-01 2.755680625418E-01 -3.998229682274E-01 -1.845375775920E-04 -1.684900227425E-04 -1.684900227425E-04 -3.129951531773E-04
2.022742475E+02 -3.230412437458E-01 2.756113204013E-01 -3.996094949833E-01 -1.844866648829E-04 -1.684392983278E-04 -1.684392983278E-04 -3.129429505017E-04
2.034782609E+02 -3.230385904348E-01 2.756545782609E-01 -3.993960217391E-01 -1.844357521739E-04 -1.683885739130E-04 -1.683885739130E-04 -3.128907478261E-04
2.046822742E+02 -3.230359371237E-01 2.756978361204E-01 -3.991825484950E-01 -1.843848394649E-04 -1.683378494983E-04 -1.683378494983E-04 -3.128385451505E-04
2.058862876E+02 -3.230332838127E-01 2.757410939799E-01 -3.989690752508E-01 -1.843339267559E-04 -1.682871250836E-04 -1.682871250836E-04 -3.127863424749E-04
2.070903010E+02 -3.230306305017E-01 2.757843518395E-01 -3.987556020067E-01 -1.842830140468E-04 -1.682364006689E-04 -1.682364006689E-04 -3.127341397993E-04
2.082943144E+02 -3.230279771906E-01 2.758276096990E-01 -3.985421287625E-01 -1.842321013378E-04 -1.681856762542E-04 -1.681856762542E-04 -3.126819371237E-04
2.094983278E+02 -3.230253238796E-01 2.758708675585E-01 -3.983286555184E-01 -1.841811886288E-04 -1.681349518395E-04 -1.681349518395E-04 -3.126297344482E-04
2.107023411E+02 -3.230226705686E-01 2.759141254181E-01 -3.981151822742E-01 -1.841302759197E-04 -1.680842274247E-04 -1.680842274247E-04 -3.125775317726E-04
2.119063545E+02 -3.230200172575E-01 2.759573832776E-01 -3.979017090301E-01 -1.840793632107E-04 -1.680335030100E-04 -1.680335030100E-04 -3.125253290970E-04
2.131103679E+02 -3.230173639465E-01 2.760006411371E-01 -3.976882357860E-01 -1.840284505017E-04 -1.679827785953E-04 -1.679827785953E-04 -3.124731264214E-04
2.143143813E+02 -3.230147106355E-01 2.760438989967E-01 -3.974747625418E-01 -1.839775377926E-04 -1.679320541806E-04 -1.679320541806E-04 -3.124209237458E-04
2.155183946E+02 -3.230120573244E-01 2.760871568562E-01 -3.972612892977E-01 -1.839266250836E-04 -1.678813297659E-04 -1.678813297659E-04 -3.123687210702E-04
2.167224080E+02 -3.230094040134E-01 2.761304147157E-01 -3.970478160535E-01 -1.838757123746E-04 -1.678306053512E-04 -1.678306053512E-04 -3.123165183946E-04
2.179264214E+02 -3.230067507023E-01 2.761736725753E-01 -3.968343428094E-01 -1.838247996656E-04 -1.677798809365E-04 -1.677798809365E-04 -3.122643157191E-04
2.191304348E+02 -3.230040973913E-01 2.762169304348E-01 -3.966208695652E-01 -1.837738869565E-04 -1.677291565217E-04 -1.677291565217E-04 -3.122121130435E-04
2.203344482E+02 -3.230014440803E-01 2.762601882943E-01 -3.964073963211E-01 -1.837229742475E-04 -1.676784321070E-04 -1.676784321070E-04 -3.121599103679E-04
2.215384615E+02 -3.229987907692E-01 2.763034461538E-01 -3.961939230769E-01 -1.836720615385E-04 -1.676277076923E-04 -1.676277076923E-04 -3.121077076923E-04
2.227424749E+02 -3.229961374582E-01 2.763467040134E-01 -3.959804498328E-01 -1.836211488294E-04 -1.675769832776E-04 -1.675769832776E-04 -3.120555050167E-04
2.239464883E+02 -3.229934841472E-01 2.763899618729E-01 -3.957669765886E-01 -1.835702361204E-04 -1.675262588629E-04 -1.675262588629E-04 -3.120033023411E-04
2.251505017E+02 -3.229908308361E-01 2.764332197324E-01 -3.955535033445E-01 -1.835193234114E-04 -1.674755344482E-04 -1.674755344482E-04 -3.119510996656E-04
2.263545151E+02 -3.229881775251E-01 2.764764775920E-01 -3.953400301003E-01 -1.834684107023E-04 -1.674248100334E-04 -1.674248100334E-04 -3.118988969900E-04
2.275585284E+02 -3.229855242140E-01 2.765197354515E-01 -3.951265568562E-01 -1.834174979933E-04 -1.673740856187E-04 -1.673740856187E-04 -3.118466943144E-04
2.287625418E+02 -3.229828709030E-01 2.765629933110E-01 -3.949130836120E-01 -1.833665852843E-04 -1.673233612040E-04 -1.673233612040E-04 -3.117944916388E-04
2.299665552E+02 -3.229802175920E-01 2.766062511706E-01 -3.946996103679E-01 -1.833156725753E-04 -1.672726367893E-04 -1.672726367893E-04 -3.117422889632E-04
2.311705686E+02 -3.229775642809E-01 2.766495090301E-01 -3.944861371237E-01 -1.832647598662E-04 -1.672219123746E-04 -1.672219123746E-04 -3.116900862876E-04
2.323745819E+02 -3.229749109699E-01 2.766927668896E-01 -3.942726638796E-01 -1.832138471572E-04 -1.671711879599E-04 -1.671711879599E-04 -3.116378836120E-04
2.335785953E+02 -3.229722576589E-01 2.767360247492E-01 -3.940591906355E-01 -1.831629344482E-04 -1.671204635452E-04 -1.671204635452E-04 -3.115856809365E-04
2.347826087E+02 -3.229696043478E-01 2.767792826087E-01 -3.938457173913E-01 -1.831120217391E-04 -1.670697391304E-04 -1.670697391304E-04 -3.115334782609E-04
2.359866221E+02 -3.229669510368E-01 2.768225404682E-01 -3.936322441472E-01 -1.830611090301E-04 -1.670190147157E-04 -1.670190147157E-04 -3.114812755853E-04
2.371906355E+02 -3.229642977258E-01 2.768657983278E-01 -3.934187709030E-01 -1.830101963211E-04 -1.669682903010E-04 -1.669682903010E-04 -3.114290729097E-04
2.383946488E+02 -3.229616444147E-01 2.769090561873E-01 -3.932052976589E-01 -1.829592836120E-04 -1.669175658863E-04 -1.669175658863E-04 -3.113768702341E-04
2.395986622E+02 -3.229589911037E-01 2.769523140468E-01 -3.929918244147E-01 -1.829083709030E-04 -1.668668414716E-04 -1.668668414716E-04 -3.113246675585E-04
2.408026756E+02 -3.229563377926E-01 2.769955719064E-01 -3.927783511706E-01 -1.828574581940E-04 -1.668161170569E-04 -1.668161170569E-04 -3.112724648829E-04
2.420066890E+02 -3.229536844816E-01 2.770388297659E-01 -3.925648779264E-01 -1.828065454849E-04 -1.667653926421E-04 -1.667653926421E-04 -3.112202622074E-04
2.432107023E+02 -3.229510311706E-01 2.770820876254E-01 -3.923514046823E-01 -1.827556327759E-04 -1.667146682274E-04 -1.667146682274E-04 -3.111680595318E-04
2.444147157E+02 -3.229483778595E-01 2.771253454849E-01 -3.921379314381E-01 -1.827047200669E-04 -1.666639438127E-04 -1.666639438127E-04 -3.111158568562E-04
2.456187291E+02 -3.229457245485E-01 2.771686033445E-01 -3.919244581940E-01 -1.826538073579E-04 -1.666132193980E-04 -1.666132193980E-04 -3.110636541806E-04
2.468227425E+02 -3.229430712375E-01 2.772118612040E-01 -3.917109849498E-01 -1.826028946488E-04 -1.665624949833E-04 -1.665624949833E-04 -3.110114515050E-04
2.480267559E+02 -3.229404179264E-01 2.772551190635E-01 -3.914975117057E-01 -1.825519819398E-04 -1.665117705686E-04 -1.665117705686E-04 -3.109592488294E-04
2.492307692E+02 -3.229377646154E-01 2.772983769231E-01 -3.912840384615E-01 -1.825010692308E-04 -1.664610461538E-04 -1.664610461538E-04 -3.109070461538E-04
2.504347826E+02 -3.229351113043E-01 2.773416347826E-01 -3.910705652174E-01 -1.824501565217E-04 -1.664103217391E-04 -1.664103217391E-04 -3.108548434783E-04
2.516387960E+02 -3.229324579933E-01 2.773848926421E-01 -3.908570919732E-01 -1.823992438127E-04 -1.663595973244E-04 -1.663595973244E-04 -3.108026408027E-04
2.528428094E+02 -3.229298046823E-01 2.774281505017E-01 -3.906436187291E-01 -1.823483311037E-04 -1.663088729097E-04 -1.663088729097E-04 -3.107504381271E-04
2.540468227E+02 -3.229271513712E-01 2.774714083612E-01 -3.904301454849E-01 -1.822974183946E-04 -1.662581484950E-04 -1.662581484950E-04 -3.106982354515E-04
2.552508361E+02 -3.229244980602E-01 2.775146662207E-01 -3.902166722408E-01 -1.822465056856E-04 -1.662074240803E-04 -1.662074240803E-04 -3.106460327759E-04
2.564548495E+02 -3.229218447492E-01 2.775579240803E-01 -3.900031989967E-01 -1.821955929766E-04 -1.661566996656E-04 -1.661566996656E-04 -3.105938301003E-04
2.576588629E+02 -3.229191914381E-01 2.776011819398E-01 -3.897897257525E-01 -1.821446802676E-04 -1.661059752508E-04 -1.661059752508E-04 -3.105416274247E-04
2.588628763E+02 -3.229165381271E-01 2.776444397993E-01 -3.895762525084E-01 -1.820937675585E-04 -1.660552508361E-04 -1.660552508361E-04 -3.104894247492E-04
2.600668896E+02 -3.229138848161E-01 2.776876976589E-01 -3.893627792642E-01 -1.820428548495E-04 -1.660045264214E-04 -1.660045264214E-04 -3.104372220736E-04
2.612709030E+02 -3.229112315050E-01 2.777309555184E-01 -3.891493060201E-01 -1.819919421405E-04 -1.659538020067E-04 -1.659538020067E-04 -3.103850193980E-04
2.624749164E+02 -3.229085781940E-01 2.777742133779E-01 -3.889358327759E-01 -1.819410294314E-04 -1.659030775920E-04 -1.659030775920E-04 -3.103328167224E-04
2.636789298E+02 -3.229059248829E-01 2.778174712375E-01 -3.887223595318E-01 -1.818901167224E-04 -1.658523531773E-04 -1.658523531773E-04 -3.102806140468E-04
2.648829431E+02 -3.229032715719E-01 2.778607290970E-01 -3.885088862876E-01 -1.818392040134E-04 -1.658016287625E-04 -1.658016287625E-04 -3.102284113712E-04
2.660869565E+02 -3.229006182609E-01 2.779039869565E-01 -3.882954130435E-01 -1.817882913043E-04 -1.657509043478E-04 -1.657509043478E-04 -3.101762086957E-04
2.672909699E+02 -3.228979649498E-01 2.779472448161E-01 -3.880819397993E-01 -1.817373785953E-04 -1.657001799331E-04 -1.657001799331E-04 -3.101240060201E-04
2.684949833E+02 -3.228953116388E-01 2.779905026756E-01 -3.878684665552E-01 -1.816864658863E-04 -1.656494555184E-04 -1.656494555184E-04 -3.100718033445E-04
2.696989967E+02 -3.228926583278E-01 2.780337605351E-01 -3.876549933110E-01 -1.816355531773E-04 -1.655987311037E-04 -1.655987311037E-04 -3.100196006689E-04
2.709030100E+02 -3.228900050167E-01 2.780770183946E-01 -3.874415200669E-01 -1.815846404682E-04 -1.655480066890E-04 -1.655480066890E-04 -3.099673979933E-04
2.721070234E+02 -3.228873517057E-01 2.781202762542E-01 -3.872280468227E-01 -1.815337277592E-04 -1.654972822742E-04 -1.654972822742E-04 -3.099151953177E-04
2.733110368E+02 -3.228846983946E-01 2.781635341137E-01 -3.870145735786E-01 -1.814828150502E-04 -1.654465578595E-04 -1.654465578595E-04 -3.098629926421E-04
2.745150502E+02 -3.228820450836E-01 2.782067919732E-01 -3.868011003344E-01 -1.814319023411E-04 -1.653958334448E-04 -1.653958334448E-04 -3.098107899666E-04
2.757190635E+02 -3.228793917726E-01 2.782500498328E-01 -3.865876270903E-01 -1.813809896321E-04 -1.653451090301E-04 -1.653451090301E-04 -3.097585872910E-04
2.769230769E+02 -3.228767384615E-01 2.782933076923E-01 -3.863741538462E-01 -1.813300769231E-04 -1.652943846154E-04 -1.652943846154E-04 -3.097063846154E-04
2.781270903E+02 -3.228740851505E-01 2.783365655518E-01 -3.861606806020E-01 -1.812791642140E-04 -1.652436602007E-04 -1.652436602007E-04 -3.096541819398E-04
2.793311037E+02 -3.228714318395E-01 2.783798234114E-01 -3.859472073579E-01 -1.812282515050E-04 -1.651929357860E-04 -1.651929357860E-04 -3.096019792642E-04
2.805351171E+02 -3.228687785284E-01 2.784230812709E-01 -3.857337341137E-01 -1.811773387960E-04 -1.651422113712E-04 -1.651422113712E-04 -3.095497765886E-04
2.817391304E+02 -3.228661252174E-01 2.784663391304E-01 -3.855202608696E-01 -1.811264260870E-04 -1.650914869565E-04 -1.650914869565E-04 -3.094975739130E-04
2.829431438E+02 -3.228634719064E-01 2.785095969900E-01 -3.853067876254E-01 -1.810755133779E-04 -1.650407625418E-04 -1.650407625418E-04 -3.094453712375E-04
2.841471572E+02 -3.228608185953E-01 2.785528548495E-01 -3.850933143813E-01 -1.810246006689E-04 -1.649900381271E-04 -1.649900381271E-04 -3.093931685619E-04
2.853511706E+02 -3.228581652843E-01 2.785961127090E-01 -3.848798411371E-01 -1.809736879599E-04 -1.649393137124E-04 -1.649393137124E-04 -3.093409658863E-04
2.865551839E+02 -3.228555119732E-01 2.786393705686E-01 -3.846663678930E-01 -1.809227752508E-04 -1.648885892977E-04 -1.648885892977E-04 -3.092887632107E-04
2.877591973E+02 -3.228528586622E-01 2.786826284281E-01 -3.844528946488E-01 -1.808718625418E-04 -1.648378648829E-04 -1.648378648829E-04 -3.092365605351E-04
2.889632107E+02 -3.228502053512E-01 2.787258862876E-01 -3.842394214047E-01 -1.808209498328E-04 -1.647871404682E-04 -1.647871404682E-04 -3.091843578595E-04
2.901672241E+02 -3.228475520401E-01 2.787691441472E-01 -3.840259481605E-01 -1.807700371237E-04 -1.647364160535E-04 -1.647364160535E-04 -3.091321551839E-04
2.913712375E+02 -3.228448987291E-01 2.788124020067E-01 -3.838124749164E-01 -1.807191244147E-04 -1.646856916388E-04 -1.646856916388E-04 -3.090799525084E-04
2.925752508E+02 -3.228422454181E-01 2.788556598662E-01 -3.835990016722E-01 -1.806682117057E-04 -1.646349672241E-04 -1.646349672241E-04 -3.090277498328E-04
2.937792642E+02 -3.228395921070E-01 2.788989177258E-01 -3.833855284281E-01 -1.806172989967E-04 -1.645842428094E-04 -1.645842428094E-04 -3.089755471572E-04
2.949832776E+02 -3.228369387960E-01 2.789421755853E-01 -3.831720551839E-01 -1.805663862876E-04 -1.645335183946E-04 -1.645335183946E-04 -3.089233444816E-04
2.961872910E+02 -3.228342854849E-01 2.789854334448E-01 -3.829585819398E-01 -1.805154735786E-04 -1.644827939799E-04 -1.644827939799E-04 -3.088711418060E-04
2.973913043E+02 -3.228316321739E-01 2.790286913043E-01 -3.827451086957E-01 -1.804645608696E-04 -1.644320695652E-04 -1.644320695652E-04 -3.088189391304E-04
2.985953177E+02 -3.228289788629E-01 2.790719491639E-01 -3.825316354515E-01 -1.804136481605E-04 -1.643813451505E-04 -1.643813451505E-04 -3.087667364548E-04
2.997993311E+02 -3.228263255518E-01 2.791152070234E-01 -3.823181622074E-01 -1.803627354515E-04 -1.643306207358E-04 -1.643306207358E-04 -3.087145337793E-04
3.010033445E+02 -3.228236722408E-01 2.791584648829E-01 -3.821046889632E-01 -1.803118227425E-04 -1.642798963211E-04 -1.642798963211E-04 -3.086623311037E-04
3.022073579E+02 -3.228210189298E-01 2.792017227425E-01 -3.818912157191E-01 -1.802609100334E-04 -1.642291719064E-04 -1.642291719064E-04 -3.086101284281E-04
3.034113712E+02 -3.228183656187E-01 2.792449806020E-01 -3.816777424749E-01 -1.802099973244E-04 -1.641784474916E-04 -1.641784474916E-04 -3.085579257525E-04
3.046153846E+02 -3.228157123077E-01 2.792882384615E-01 -3.814642692308E-01 -1.801590846154E-04 -1.641277230769E-04 -1.641277230769E-04 -3.085057230769E-04
3.058193980E+02 -3.228130589967E-01 2.793314963211E-01 -3.812507959866E-01 -1.801081719064E-04 -1.640769986622E-04 -1.640769986622E-04 -3.084535204013E-04
3.070234114E+02 -3.228104056856E-01 2.793747541806E-01 -3.810373227425E-01 -1.800572591973E-04 -1.640262742475E-04 -1.640262742475E-04 -3.084013177258E-04
3.082274247E+02 -3.228077523746E-01 2.794180120401E-01 -3.808238494983E-01 -1.800063464883E-04 -1.639755498328E-04 -1.639755498328E-04 -3.083491150502E-04
3.094314381E+02 -3.228050990635E-01 2.794612698997E-01 -3.806103762542E-01 -1.799554337793E-04 -1.639248254181E-04 -1.639248254181E-04 -3.082969123746E-04
3.106354515E+02 -3.228024457525E-01 2.795045277592E-01 -3.803969030100E-01 -1.799045210702E-04 -1.638741010033E-04 -1.638741010033E-04 -3.082447096990E-04
3.118394649E+02 -3.227997924415E-01 2.795477856187E-01 -3.801834297659E-01 -1.798536083612E-04 -1.638233765886E-04 -1.638233765886E-04 -3.081925070234E-04
3.130434783E+02 -3.227971391304E-01 2.795910434783E-01 -3.799699565217E-01 -1.798026956522E-04 -1.637726521739E-04 -1.637726521739E-04 -3.081403043478E-04
3.142474916E+02 -3.227944858194E-01 2.796343013378E-01 -3.797564832776E-01 -1.797517829431E-04 -1.637219277592E-04 -1.637219277592E-04 -3.080881016722E-04
3.154515050E+02 -3.227918325084E-01 2.796775591973E-01 -3.795430100334E-01 -1.797008702341E-04 -1.636712033445E-04 -1.636712033445E-04 -3.080358989967E-04
3.166555184E+02 -3.227891791973E-01 2.797208170569E-01 -3.793295367893E-01 -1.796499575251E-04 -1.636204789298E-04 -1.636204789298E-04 -3.079836963211E-04
3.178595318E+02 -3.227865258863E-01 2.797640749164E-01 -3.791160635452E-01 -1.795990448161E-04 -1.635697545151E-04 -1.635697545151E-04 -3.079314936455E-04
3.190635452E+02 -3.227838725753E-01 2.798073327759E-01 -3.789025903010E-01 -1.795481321070E-04 -1.635190301003E-04 -1.635190301003E-04 -3.078792909699E-04
3.202675585E+02 -3.227812192642E-01 2.798505906355E-01 -3.786891170569E-01 -1.794972193980E-04 -1.634683056856E-04 -1.634683056856E-04 -3.078270882943E-04
3.214715719E+02 -3.227785659532E-01 2.798938484950E-01 -3.784756438127E-01 -1.794463066890E-04 -1.634175812709E-04 -1.634175812709E-04 -3.077748856187E-04
3.226755853E+02 -3.227759126421E-01 2.799371063545E-01 -3.782621705686E-01 -1.793953939799E-04 -1.633668568562E-04 -1.633668568562E-04 -3.077226829431E-04
3.238795987E+02 -3.227732593311E-01 2.799803642140E-01 -3.780486973244E-01 -1.793444812709E-04 -1.633161324415E-04 -1.633161324415E-04 -3.076704802676E-04
3.250836120E+02 -3.227706060201E-01 2.800236220736E-01 -3.778352240803E-01 -1.792935685619E-04 -1.632654080268E-04 -1.632654080268E-04 -3.076182775920E-04
3.262876254E+02 -3.227679527090E-01 2.800668799331E-01 -3.776217508361E-01 -1.792426558528E-04 -1.632146836120E-04 -1.632146836120E-04 -3.075660749164E-04
3.274916388E+02 -3.227652993980E-01 2.801101377926E-01 -3.774082775920E-01 -1.791917431438E-04 -1.631639591973E-04 -1.631639591973E-04 -3.075138722408E-04
3.286956522E+02 -3.227626460870E-01 2.801533956522E-01 -3.771948043478E-01 -1.791408304348E-04 -1.631132347826E-04 -1.631132347826E-04 -3.074616695652E-04
3.298996656E+02 -3.227599927759E-01 2.801966535117E-01 -3.769813311037E-01 -1.790899177258E-04 -1.630625103679E-04 -1.630625103679E-04 -3.074094668896E-04
3.311036789E+02 -3.227573394649E-01 2.802399113712E-01 -3.767678578595E-01 -1.790390050167E-04 -1.630117859532E-04 -1.630117859532E-04 -3.073572642140E-04
3.323076923E+02 -3.227546861538E-01 2.802831692308E-01 -3.765543846154E-01 -1.789880923077E-04 -1.629610615385E-04 -1.629610615385E-04 -3.073050615385E-04
3.335117057E+02 -3.227520328428E-01 2.803264270903E-01 -3.763409113712E-01 -1.789371795987E-04 -1.629103371237E-04 -1.629103371237E-04 -3.072528588629E-04
3.347157191E+02 -3.227493795318E-01 2.803696849498E-01 -3.761274381271E-01 -1.788862668896E-04 -1.628596127090E-04 -1.628596127090E-04 -3.072006561873E-04
3.359197324E+02 -3.227467262207E-01 2.804129428094E-01 -3.759139648829E-01 -1.788353541806E-04 -1.628088882943E-04 -1.628088882943E-04 -3.071484535117E-04
3.371237458E+02 -3.227440729097E-01 2.804562006689E-01 -3.757004916388E-01 -1.787844414716E-04 -1.627581638796E-04 -1.627581638796E-04 -3.070962508361E-04
3.383277592E+02 -3.227414195987E-01 2.804994585284E-01 -3.754870183946E-01 -1.787335287625E-04 -1.627074394649E-04 -1.627074394649E-04 -3.070440481605E-04
3.395317726E+02 -3.227387662876E-01 2.805427163880E-01 -3.752735451505E-01 -1.786826160535E-04 -1.626567150502E-04 -1.626567150502E-04 -3.069918454849E-04
3.407357860E+02 -3.227361129766E-01 2.805859742475E-01 -3.750600719064E-01 -1.786317033445E-04 -1.626059906355E-04 -1.626059906355E-04 -3.069396428094E-04
3.419397993E+02 -3.227334596656E-01 2.806292321070E-01 -3.748465986622E-01 -1.785807906355E-04 -1.625552662207E-04 -1.625552662207E-04 -3.068874401338E-04
3.431438127E+02 -3.227308063545E-01 2.806724899666E-01 -3.746331254181E-01 -1.785298779264E-04 -1.625045418060E-04 -1.625045418060E-04 -3.068352374582E-04
3.443478261E+02 -3.227281530435E-01 2.807157478261E-01 -3.744196521739E-01 -1.784789652174E-04 -1.624538173913E-04 -1.624538173913E-04 -3.067830347826E-04
3.455518395E+02 -3.227254997324E-01 2.807590056856E-01 -3.742061789298E-01 -1.784280525084E-04 -1.624030929766E-04 -1.624030929766E-04 -3.067308321070E-04
3.467558528E+02 -3.227228464214E-01 2.808022635452E-01 -3.739927056856E-01 -1.783771397993E-04 -1.623523685619E-04 -1.623523685619E-04 -3.066786294314E-04
3.479598662E+02 -3.227201931104E-01 2.808455214047E-01 -3.737792324415E-01 -1.783262270903E-04 -1.623016441472E-04 -1.623016441472E-04 -3.066264267559E-04
3.491638796E+02 -3.227175397993E-01 2.808887792642E-01 -3.735657591973E-01 -1.782753143813E-04 -1.622509197324E-04 -1.622509197324E-04 -3.065742240803E-04
3.503678930E+02 -3.227148864883E-01 2.809320371237E-01 -3.733522859532E-01 -1.782244016722E-04 -1.622001953177E-04 -1.622001953177E-04 -3.065220214047E-04
3.515719064E+02 -3.227122331773E-01 2.809752949833E-01 -3.731388127090E-01 -1.781734889632E-04 -1.621494709030E-04 -1.621494709030E-04 -3.064698187291E-04
3.527759197E+02 -3.227095798662E-01 2.810185528428E-01 -3.729253394649E-01 -1.781225762542E-04 -1.620987464883E-04 -1.620987464883E-04 -3.064176160535E-04
3.539799331E+02 -3.227069265552E-01 2.810618107023E-01 -3.727118662207E-01 -1.780716635452E-04 -1.620480220736E-04 -1.620480220736E-04 -3.063654133779E-04
3.551839465E+02 -3.227042732441E-01 2.811050685619E-01 -3.724983929766E-01 -1.780207508361E-04 -1.619972976589E-04 -1.619972976589E-04 -3.063132107023E-04
3.563879599E+02 -3.227016199331E-01 2.811483264214E-01 -3.722849197324E-01 -1.779698381271E-04 -1.619465732441E-04 -1.619465732441E-04 -3.062610080268E-04
3.575919732E+02 -3.226989666221E-01 2.811915842809E-01 -3.720714464883E-01 -1.779189254181E-04 -1.618958488294E-04 -1.618958488294E-04 -3.062088053512E-04
3.587959866E+02 -3.226963133110E-01 2.812348421405E-01 -3.718579732441E-01 -1.778680127090E-04 -1.618451244147E-04 -1.618451244147E-04 -3.061566026756E-04
3.600000000E+02 -3.226936600000E-01 2.812781000000E-01 -3.716445000000E-01 -1.778171000000E-04 -1.617944000000E-04 -1.617944000000E-04 -3.061044000000E-04
