# TESS Spectral Bandpass
# Adopted from data by Peter Sullivan, 20 March 2014.
# Column 1: Wavelength (nm)
# Column 2: Transmission
#-------------------------------
5.000000e+02  0.000000e+00
5.010000e+02  0.000000e+00
5.020000e+02  0.000000e+00
5.030000e+02  0.000000e+00
5.040000e+02  0.000000e+00
5.050000e+02  0.000000e+00
5.060000e+02  0.000000e+00
5.070000e+02  0.000000e+00
5.080000e+02  0.000000e+00
5.090000e+02  0.000000e+00
5.100000e+02  0.000000e+00
5.110000e+02  0.000000e+00
5.120000e+02  0.000000e+00
5.130000e+02  0.000000e+00
5.140000e+02  0.000000e+00
5.150000e+02  0.000000e+00
5.160000e+02  0.000000e+00
5.170000e+02  0.000000e+00
5.180000e+02  0.000000e+00
5.190000e+02  0.000000e+00
5.200000e+02  0.000000e+00
5.210000e+02  0.000000e+00
5.220000e+02  0.000000e+00
5.230000e+02  0.000000e+00
5.240000e+02  0.000000e+00
5.250000e+02  0.000000e+00
5.260000e+02  0.000000e+00
5.270000e+02  0.000000e+00
5.280000e+02  0.000000e+00
5.290000e+02  0.000000e+00
5.300000e+02  0.000000e+00
5.310000e+02  0.000000e+00
5.320000e+02  0.000000e+00
5.330000e+02  0.000000e+00
5.340000e+02  0.000000e+00
5.350000e+02  0.000000e+00
5.360000e+02  0.000000e+00
5.370000e+02  0.000000e+00
5.380000e+02  0.000000e+00
5.390000e+02  0.000000e+00
5.400000e+02  0.000000e+00
5.410000e+02  0.000000e+00
5.420000e+02  0.000000e+00
5.430000e+02  0.000000e+00
5.440000e+02  0.000000e+00
5.450000e+02  0.000000e+00
5.460000e+02  0.000000e+00
5.470000e+02  0.000000e+00
5.480000e+02  0.000000e+00
5.490000e+02  0.000000e+00
5.500000e+02  0.000000e+00
5.510000e+02  0.000000e+00
5.520000e+02  0.000000e+00
5.530000e+02  0.000000e+00
5.540000e+02  0.000000e+00
5.550000e+02  0.000000e+00
5.560000e+02  0.000000e+00
5.570000e+02  0.000000e+00
5.580000e+02  0.000000e+00
5.590000e+02  0.000000e+00
5.600000e+02  0.000000e+00
5.610000e+02  0.000000e+00
5.620000e+02  0.000000e+00
5.630000e+02  0.000000e+00
5.640000e+02  0.000000e+00
5.650000e+02  0.000000e+00
5.660000e+02  0.000000e+00
5.670000e+02  0.000000e+00
5.680000e+02  1.037600e-04
5.690000e+02  1.363200e-04
5.700000e+02  1.816600e-04
5.710000e+02  2.454600e-04
5.720000e+02  3.367400e-04
5.730000e+02  4.695800e-04
5.740000e+02  6.661500e-04
5.750000e+02  9.628100e-04
5.760000e+02  1.419700e-03
5.770000e+02  2.139400e-03
5.780000e+02  3.301600e-03
5.790000e+02  5.229000e-03
5.800000e+02  8.517500e-03
5.810000e+02  1.429400e-02
5.820000e+02  2.471600e-02
5.830000e+02  4.384500e-02
5.840000e+02  7.866900e-02
5.850000e+02  1.380800e-01
5.860000e+02  2.238900e-01
5.870000e+02  3.164700e-01
5.880000e+02  3.868100e-01
5.890000e+02  4.295900e-01
5.900000e+02  4.595700e-01
5.910000e+02  4.907000e-01
5.920000e+02  5.299200e-01
5.930000e+02  5.790900e-01
5.940000e+02  6.366400e-01
5.950000e+02  6.984200e-01
5.960000e+02  7.585500e-01
5.970000e+02  8.110200e-01
5.980000e+02  8.515700e-01
5.990000e+02  8.789900e-01
6.000000e+02  8.948600e-01
6.010000e+02  9.024600e-01
6.020000e+02  9.051000e-01
6.030000e+02  9.055100e-01
6.040000e+02  9.054700e-01
6.050000e+02  9.058800e-01
6.060000e+02  9.069800e-01
6.070000e+02  9.086300e-01
6.080000e+02  9.105100e-01
6.090000e+02  9.122800e-01
6.100000e+02  9.137000e-01
6.110000e+02  9.146500e-01
6.120000e+02  9.151800e-01
6.130000e+02  9.154100e-01
6.140000e+02  9.154600e-01
6.150000e+02  9.155100e-01
6.160000e+02  9.156900e-01
6.170000e+02  9.160800e-01
6.180000e+02  9.167300e-01
6.190000e+02  9.176100e-01
6.200000e+02  9.186700e-01
6.210000e+02  9.198400e-01
6.220000e+02  9.210000e-01
6.230000e+02  9.220800e-01
6.240000e+02  9.230000e-01
6.250000e+02  9.237200e-01
6.260000e+02  9.242300e-01
6.270000e+02  9.245500e-01
6.280000e+02  9.247300e-01
6.290000e+02  9.248200e-01
6.300000e+02  9.248900e-01
6.310000e+02  9.250100e-01
6.320000e+02  9.252200e-01
6.330000e+02  9.255700e-01
6.340000e+02  9.260800e-01
6.350000e+02  9.267300e-01
6.360000e+02  9.275200e-01
6.370000e+02  9.284100e-01
6.380000e+02  9.293600e-01
6.390000e+02  9.303100e-01
6.400000e+02  9.312300e-01
6.410000e+02  9.320700e-01
6.420000e+02  9.328100e-01
6.430000e+02  9.334400e-01
6.440000e+02  9.339500e-01
6.450000e+02  9.343500e-01
6.460000e+02  9.346700e-01
6.470000e+02  9.349400e-01
6.480000e+02  9.351900e-01
6.490000e+02  9.354600e-01
6.500000e+02  9.357800e-01
6.510000e+02  9.360100e-01
6.520000e+02  9.363300e-01
6.530000e+02  9.367400e-01
6.540000e+02  9.372500e-01
6.550000e+02  9.378500e-01
6.560000e+02  9.385000e-01
6.570000e+02  9.392000e-01
6.580000e+02  9.399100e-01
6.590000e+02  9.406000e-01
6.600000e+02  9.412500e-01
6.610000e+02  9.418400e-01
6.620000e+02  9.423500e-01
6.630000e+02  9.427700e-01
6.640000e+02  9.431100e-01
6.650000e+02  9.433800e-01
6.660000e+02  9.435800e-01
6.670000e+02  9.437500e-01
6.680000e+02  9.438900e-01
6.690000e+02  9.440400e-01
6.700000e+02  9.442100e-01
6.710000e+02  9.444300e-01
6.720000e+02  9.447100e-01
6.730000e+02  9.450700e-01
6.740000e+02  9.455100e-01
6.750000e+02  9.460300e-01
6.760000e+02  9.466200e-01
6.770000e+02  9.472600e-01
6.780000e+02  9.479500e-01
6.790000e+02  9.486500e-01
6.800000e+02  9.493500e-01
6.810000e+02  9.500200e-01
6.820000e+02  9.506400e-01
6.830000e+02  9.512000e-01
6.840000e+02  9.516800e-01
6.850000e+02  9.520700e-01
6.860000e+02  9.523800e-01
6.870000e+02  9.525900e-01
6.880000e+02  9.527300e-01
6.890000e+02  9.528000e-01
6.900000e+02  9.528200e-01
6.910000e+02  9.528100e-01
6.920000e+02  9.527900e-01
6.930000e+02  9.527900e-01
6.940000e+02  9.528200e-01
6.950000e+02  9.529100e-01
6.960000e+02  9.530600e-01
6.970000e+02  9.532900e-01
6.980000e+02  9.536100e-01
6.990000e+02  9.540200e-01
7.000000e+02  9.545000e-01
7.010000e+02  9.547300e-01
7.020000e+02  9.550200e-01
7.030000e+02  9.553500e-01
7.040000e+02  9.557100e-01
7.050000e+02  9.560800e-01
7.060000e+02  9.564400e-01
7.070000e+02  9.567800e-01
7.080000e+02  9.570700e-01
7.090000e+02  9.573200e-01
7.100000e+02  9.574900e-01
7.110000e+02  9.576000e-01
7.120000e+02  9.576300e-01
7.130000e+02  9.575800e-01
7.140000e+02  9.574500e-01
7.150000e+02  9.572600e-01
7.160000e+02  9.570100e-01
7.170000e+02  9.567200e-01
7.180000e+02  9.564000e-01
7.190000e+02  9.560600e-01
7.200000e+02  9.557200e-01
7.210000e+02  9.561000e-01
7.220000e+02  9.565100e-01
7.230000e+02  9.569600e-01
7.240000e+02  9.574600e-01
7.250000e+02  9.580200e-01
7.260000e+02  9.586500e-01
7.270000e+02  9.593500e-01
7.280000e+02  9.601200e-01
7.290000e+02  9.609500e-01
7.300000e+02  9.618500e-01
7.310000e+02  9.628000e-01
7.320000e+02  9.637900e-01
7.330000e+02  9.648100e-01
7.340000e+02  9.658500e-01
7.350000e+02  9.668900e-01
7.360000e+02  9.679300e-01
7.370000e+02  9.689500e-01
7.380000e+02  9.699400e-01
7.390000e+02  9.709000e-01
7.400000e+02  9.718000e-01
7.410000e+02  9.724100e-01
7.420000e+02  9.729700e-01
7.430000e+02  9.734700e-01
7.440000e+02  9.739100e-01
7.450000e+02  9.743100e-01
7.460000e+02  9.746700e-01
7.470000e+02  9.750000e-01
7.480000e+02  9.753000e-01
7.490000e+02  9.755800e-01
7.500000e+02  9.758500e-01
7.510000e+02  9.761300e-01
7.520000e+02  9.764300e-01
7.530000e+02  9.767400e-01
7.540000e+02  9.770900e-01
7.550000e+02  9.774700e-01
7.560000e+02  9.779000e-01
7.570000e+02  9.783700e-01
7.580000e+02  9.788800e-01
7.590000e+02  9.794400e-01
7.600000e+02  9.800400e-01
7.610000e+02  9.807400e-01
7.620000e+02  9.814600e-01
7.630000e+02  9.822100e-01
7.640000e+02  9.829900e-01
7.650000e+02  9.837700e-01
7.660000e+02  9.845500e-01
7.670000e+02  9.853300e-01
7.680000e+02  9.860900e-01
7.690000e+02  9.868300e-01
7.700000e+02  9.875400e-01
7.710000e+02  9.882100e-01
7.720000e+02  9.888400e-01
7.730000e+02  9.894200e-01
7.740000e+02  9.899500e-01
7.750000e+02  9.904400e-01
7.760000e+02  9.908800e-01
7.770000e+02  9.912800e-01
7.780000e+02  9.916400e-01
7.790000e+02  9.919600e-01
7.800000e+02  9.922600e-01
7.810000e+02  9.918800e-01
7.820000e+02  9.914900e-01
7.830000e+02  9.910900e-01
7.840000e+02  9.907000e-01
7.850000e+02  9.903200e-01
7.860000e+02  9.899500e-01
7.870000e+02  9.896100e-01
7.880000e+02  9.893000e-01
7.890000e+02  9.890300e-01
7.900000e+02  9.888000e-01
7.910000e+02  9.886000e-01
7.920000e+02  9.884500e-01
7.930000e+02  9.883400e-01
7.940000e+02  9.882800e-01
7.950000e+02  9.882500e-01
7.960000e+02  9.882500e-01
7.970000e+02  9.882900e-01
7.980000e+02  9.883400e-01
7.990000e+02  9.884200e-01
8.000000e+02  9.885100e-01
8.010000e+02  9.890000e-01
8.020000e+02  9.894900e-01
8.030000e+02  9.899700e-01
8.040000e+02  9.904300e-01
8.050000e+02  9.908800e-01
8.060000e+02  9.912900e-01
8.070000e+02  9.916800e-01
8.080000e+02  9.920300e-01
8.090000e+02  9.923400e-01
8.100000e+02  9.926200e-01
8.110000e+02  9.928500e-01
8.120000e+02  9.930400e-01
8.130000e+02  9.932000e-01
8.140000e+02  9.933300e-01
8.150000e+02  9.934200e-01
8.160000e+02  9.934900e-01
8.170000e+02  9.935400e-01
8.180000e+02  9.935700e-01
8.190000e+02  9.936000e-01
8.200000e+02  9.936200e-01
8.210000e+02  9.934500e-01
8.220000e+02  9.932800e-01
8.230000e+02  9.931400e-01
8.240000e+02  9.930100e-01
8.250000e+02  9.929100e-01
8.260000e+02  9.928400e-01
8.270000e+02  9.928100e-01
8.280000e+02  9.928100e-01
8.290000e+02  9.928500e-01
8.300000e+02  9.929300e-01
8.310000e+02  9.930500e-01
8.320000e+02  9.932000e-01
8.330000e+02  9.933900e-01
8.340000e+02  9.936200e-01
8.350000e+02  9.938700e-01
8.360000e+02  9.941600e-01
8.370000e+02  9.944600e-01
8.380000e+02  9.947900e-01
8.390000e+02  9.951300e-01
8.400000e+02  9.954700e-01
8.410000e+02  9.959200e-01
8.420000e+02  9.963700e-01
8.430000e+02  9.968000e-01
8.440000e+02  9.972200e-01
8.450000e+02  9.976200e-01
8.460000e+02  9.980000e-01
8.470000e+02  9.983600e-01
8.480000e+02  9.986800e-01
8.490000e+02  9.989700e-01
8.500000e+02  9.992200e-01
8.510000e+02  9.994400e-01
8.520000e+02  9.996100e-01
8.530000e+02  9.997500e-01
8.540000e+02  9.998600e-01
8.550000e+02  9.999300e-01
8.560000e+02  9.999800e-01
8.570000e+02  1.000000e+00
8.580000e+02  1.000000e+00
8.590000e+02  9.999700e-01
8.600000e+02  9.999400e-01
8.610000e+02  9.992400e-01
8.620000e+02  9.985300e-01
8.630000e+02  9.978300e-01
8.640000e+02  9.971200e-01
8.650000e+02  9.964300e-01
8.660000e+02  9.957400e-01
8.670000e+02  9.950700e-01
8.680000e+02  9.944200e-01
8.690000e+02  9.937900e-01
8.700000e+02  9.931900e-01
8.710000e+02  9.926100e-01
8.720000e+02  9.920500e-01
8.730000e+02  9.915300e-01
8.740000e+02  9.910300e-01
8.750000e+02  9.905600e-01
8.760000e+02  9.901200e-01
8.770000e+02  9.897000e-01
8.780000e+02  9.893100e-01
8.790000e+02  9.889400e-01
8.800000e+02  9.885800e-01
8.810000e+02  9.869900e-01
8.820000e+02  9.854200e-01
8.830000e+02  9.838500e-01
8.840000e+02  9.822900e-01
8.850000e+02  9.807300e-01
8.860000e+02  9.791700e-01
8.870000e+02  9.776000e-01
8.880000e+02  9.760300e-01
8.890000e+02  9.744500e-01
8.900000e+02  9.728500e-01
8.910000e+02  9.712400e-01
8.920000e+02  9.696200e-01
8.930000e+02  9.679700e-01
8.940000e+02  9.663000e-01
8.950000e+02  9.646100e-01
8.960000e+02  9.629000e-01
8.970000e+02  9.611700e-01
8.980000e+02  9.594100e-01
8.990000e+02  9.576400e-01
9.000000e+02  9.558400e-01
9.010000e+02  9.531200e-01
9.020000e+02  9.503800e-01
9.030000e+02  9.476300e-01
9.040000e+02  9.448600e-01
9.050000e+02  9.420900e-01
9.060000e+02  9.393000e-01
9.070000e+02  9.365100e-01
9.080000e+02  9.337100e-01
9.090000e+02  9.309100e-01
9.100000e+02  9.281100e-01
9.110000e+02  9.253200e-01
9.120000e+02  9.225300e-01
9.130000e+02  9.197400e-01
9.140000e+02  9.169700e-01
9.150000e+02  9.142100e-01
9.160000e+02  9.114600e-01
9.170000e+02  9.087200e-01
9.180000e+02  9.059900e-01
9.190000e+02  9.032800e-01
9.200000e+02  9.005900e-01
9.210000e+02  8.964000e-01
9.220000e+02  8.922300e-01
9.230000e+02  8.880700e-01
9.240000e+02  8.839300e-01
9.250000e+02  8.798000e-01
9.260000e+02  8.756800e-01
9.270000e+02  8.715700e-01
9.280000e+02  8.674700e-01
9.290000e+02  8.633800e-01
9.300000e+02  8.593000e-01
9.310000e+02  8.552200e-01
9.320000e+02  8.511400e-01
9.330000e+02  8.470600e-01
9.340000e+02  8.429900e-01
9.350000e+02  8.389100e-01
9.360000e+02  8.348300e-01
9.370000e+02  8.307500e-01
9.380000e+02  8.266600e-01
9.390000e+02  8.225700e-01
9.400000e+02  8.184700e-01
9.410000e+02  8.135100e-01
9.420000e+02  8.085400e-01
9.430000e+02  8.035600e-01
9.440000e+02  7.985700e-01
9.450000e+02  7.935800e-01
9.460000e+02  7.885800e-01
9.470000e+02  7.835700e-01
9.480000e+02  7.785500e-01
9.490000e+02  7.735300e-01
9.500000e+02  7.685000e-01
9.510000e+02  7.634600e-01
9.520000e+02  7.584200e-01
9.530000e+02  7.533800e-01
9.540000e+02  7.483300e-01
9.550000e+02  7.432800e-01
9.560000e+02  7.382300e-01
9.570000e+02  7.331800e-01
9.580000e+02  7.281300e-01
9.590000e+02  7.230900e-01
9.600000e+02  7.180400e-01
9.610000e+02  7.118900e-01
9.620000e+02  7.057500e-01
9.630000e+02  6.996100e-01
9.640000e+02  6.934700e-01
9.650000e+02  6.873400e-01
9.660000e+02  6.812100e-01
9.670000e+02  6.750900e-01
9.680000e+02  6.689800e-01
9.690000e+02  6.628600e-01
9.700000e+02  6.567600e-01
9.710000e+02  6.506500e-01
9.720000e+02  6.445500e-01
9.730000e+02  6.384600e-01
9.740000e+02  6.323700e-01
9.750000e+02  6.262700e-01
9.760000e+02  6.201800e-01
9.770000e+02  6.141000e-01
9.780000e+02  6.080100e-01
9.790000e+02  6.019200e-01
9.800000e+02  5.958300e-01
9.810000e+02  5.880800e-01
9.820000e+02  5.803300e-01
9.830000e+02  5.725700e-01
9.840000e+02  5.648200e-01
9.850000e+02  5.570500e-01
9.860000e+02  5.492900e-01
9.870000e+02  5.415100e-01
9.880000e+02  5.337400e-01
9.890000e+02  5.259600e-01
9.900000e+02  5.181700e-01
9.910000e+02  5.103800e-01
9.920000e+02  5.025800e-01
9.930000e+02  4.947800e-01
9.940000e+02  4.869800e-01
9.950000e+02  4.791700e-01
9.960000e+02  4.713500e-01
9.970000e+02  4.635400e-01
9.980000e+02  4.557200e-01
9.990000e+02  4.479000e-01
1.000000e+03  4.400700e-01
1.001000e+03  4.317900e-01
1.002000e+03  4.235100e-01
1.003000e+03  4.152400e-01
1.004000e+03  4.069600e-01
1.005000e+03  3.986800e-01
1.006000e+03  3.906000e-01
1.007000e+03  3.825300e-01
1.008000e+03  3.744600e-01
1.009000e+03  3.663900e-01
1.010000e+03  3.583300e-01
1.011000e+03  3.506700e-01
1.012000e+03  3.430100e-01
1.013000e+03  3.353600e-01
1.014000e+03  3.277100e-01
1.015000e+03  3.200600e-01
1.016000e+03  3.124200e-01
1.017000e+03  3.047800e-01
1.018000e+03  2.971500e-01
1.019000e+03  2.895200e-01
1.020000e+03  2.818900e-01
1.021000e+03  2.758700e-01
1.022000e+03  2.698500e-01
1.023000e+03  2.638400e-01
1.024000e+03  2.578300e-01
1.025000e+03  2.518200e-01
1.026000e+03  2.446100e-01
1.027000e+03  2.374000e-01
1.028000e+03  2.302000e-01
1.029000e+03  2.229900e-01
1.030000e+03  2.157800e-01
1.031000e+03  2.099800e-01
1.032000e+03  2.041800e-01
1.033000e+03  1.983700e-01
1.034000e+03  1.925700e-01
1.035000e+03  1.867600e-01
1.036000e+03  1.811600e-01
1.037000e+03  1.755500e-01
1.038000e+03  1.699400e-01
1.039000e+03  1.643400e-01
1.040000e+03  1.587200e-01
1.041000e+03  1.555200e-01
1.042000e+03  1.523200e-01
1.043000e+03  1.491200e-01
1.044000e+03  1.459100e-01
1.045000e+03  1.427100e-01
1.046000e+03  1.389000e-01
1.047000e+03  1.350900e-01
1.048000e+03  1.312700e-01
1.049000e+03  1.274600e-01
1.050000e+03  1.236400e-01
1.051000e+03  1.200300e-01
1.052000e+03  1.164100e-01
1.053000e+03  1.127900e-01
1.054000e+03  1.091700e-01
1.055000e+03  1.055600e-01
1.056000e+03  1.022200e-01
1.057000e+03  9.888000e-02
1.058000e+03  9.554200e-02
1.059000e+03  9.220300e-02
1.060000e+03  8.886500e-02
1.061000e+03  8.681300e-02
1.062000e+03  8.476100e-02
1.063000e+03  8.271000e-02
1.064000e+03  8.065800e-02
1.065000e+03  7.860600e-02
1.066000e+03  7.627400e-02
1.067000e+03  7.394100e-02
1.068000e+03  7.160900e-02
1.069000e+03  6.927700e-02
1.070000e+03  6.694500e-02
1.071000e+03  6.529700e-02
1.072000e+03  6.364800e-02
1.073000e+03  6.200000e-02
1.074000e+03  6.035200e-02
1.075000e+03  5.870400e-02
1.076000e+03  5.693400e-02
1.077000e+03  5.516500e-02
1.078000e+03  5.339500e-02
1.079000e+03  5.162500e-02
1.080000e+03  4.985400e-02
1.081000e+03  4.910800e-02
1.082000e+03  4.836100e-02
1.083000e+03  4.761400e-02
1.084000e+03  4.686500e-02
1.085000e+03  4.611500e-02
1.086000e+03  4.498200e-02
1.087000e+03  4.384800e-02
1.088000e+03  4.271200e-02
1.089000e+03  4.157600e-02
1.090000e+03  4.043700e-02
1.091000e+03  3.931800e-02
1.092000e+03  3.819700e-02
1.093000e+03  3.707400e-02
1.094000e+03  3.595000e-02
1.095000e+03  3.482500e-02
1.096000e+03  3.369800e-02
1.097000e+03  3.257100e-02
1.098000e+03  3.144200e-02
1.099000e+03  3.031200e-02
1.100000e+03  2.918200e-02
1.101000e+03  2.805100e-02
1.102000e+03  2.692000e-02
1.103000e+03  2.578900e-02
1.104000e+03  2.465800e-02
1.105000e+03  2.352800e-02
1.106000e+03  2.239900e-02
1.107000e+03  2.127100e-02
1.108000e+03  2.014500e-02
1.109000e+03  1.902100e-02
1.110000e+03  1.789900e-02
1.111000e+03  1.678100e-02
1.112000e+03  1.566600e-02
1.113000e+03  1.455500e-02
1.114000e+03  1.344800e-02
1.115000e+03  1.234600e-02
1.116000e+03  1.124800e-02
1.117000e+03  1.015700e-02
1.118000e+03  9.071500e-03
1.119000e+03  7.992400e-03
1.120000e+03  6.920200e-03
1.121000e+03  5.855000e-03
1.122000e+03  4.797400e-03
1.123000e+03  3.747600e-03
1.124000e+03  2.705900e-03
1.125000e+03  1.672500e-03
1.126000e+03  6.476300e-04
1.127000e+03  0.000000e+00
1.128000e+03  0.000000e+00
1.129000e+03  0.000000e+00
1.130000e+03  0.000000e+00
1.131000e+03  0.000000e+00
1.132000e+03  0.000000e+00
1.133000e+03  0.000000e+00
1.134000e+03  0.000000e+00
1.135000e+03  0.000000e+00
1.136000e+03  0.000000e+00
1.137000e+03  0.000000e+00
1.138000e+03  0.000000e+00
1.139000e+03  0.000000e+00
1.140000e+03  0.000000e+00
1.141000e+03  0.000000e+00
1.142000e+03  0.000000e+00
1.143000e+03  0.000000e+00
1.144000e+03  0.000000e+00
1.145000e+03  0.000000e+00
1.146000e+03  0.000000e+00
1.147000e+03  0.000000e+00
1.148000e+03  0.000000e+00
1.149000e+03  0.000000e+00
1.150000e+03  0.000000e+00
1.151000e+03  0.000000e+00
1.152000e+03  0.000000e+00
1.153000e+03  0.000000e+00
1.154000e+03  0.000000e+00
1.155000e+03  0.000000e+00
1.156000e+03  0.000000e+00
1.157000e+03  0.000000e+00
1.158000e+03  0.000000e+00
1.159000e+03  0.000000e+00
1.160000e+03  0.000000e+00
1.161000e+03  0.000000e+00
1.162000e+03  0.000000e+00
1.163000e+03  0.000000e+00
1.164000e+03  0.000000e+00
1.165000e+03  0.000000e+00
1.166000e+03  0.000000e+00
1.167000e+03  0.000000e+00
1.168000e+03  0.000000e+00
1.169000e+03  0.000000e+00
1.170000e+03  0.000000e+00
1.171000e+03  0.000000e+00
1.172000e+03  0.000000e+00
1.173000e+03  0.000000e+00
1.174000e+03  0.000000e+00
1.175000e+03  0.000000e+00
1.176000e+03  0.000000e+00
1.177000e+03  0.000000e+00
1.178000e+03  0.000000e+00
1.179000e+03  0.000000e+00
1.180000e+03  0.000000e+00
1.181000e+03  0.000000e+00
1.182000e+03  0.000000e+00
1.183000e+03  0.000000e+00
1.184000e+03  0.000000e+00
1.185000e+03  0.000000e+00
1.186000e+03  0.000000e+00
1.187000e+03  0.000000e+00
1.188000e+03  0.000000e+00
1.189000e+03  0.000000e+00
1.190000e+03  0.000000e+00
1.191000e+03  0.000000e+00
1.192000e+03  0.000000e+00
1.193000e+03  0.000000e+00
1.194000e+03  0.000000e+00
1.195000e+03  0.000000e+00
1.196000e+03  0.000000e+00
1.197000e+03  0.000000e+00
1.198000e+03  0.000000e+00
1.199000e+03  0.000000e+00
1.200000e+03  0.000000e+00

