# RA DEC Vmag starID
234.88193674733972  -73.37574352549552  12.0  100
234.88052124129163  -73.37384193799264  12.0  101
234.85047518196765  -73.33706994200969  12.0  102
234.84765789723062  -73.33326793183546  12.0  103
234.8165145516683  -73.29851986326526  12.0  104
234.80810816338683  -73.28711746434978  12.0  105
234.786985226951  -73.25470460427533  12.0  106
234.77026527061747  -73.23190936576363  12.0  107
234.66389559243436  -73.37711574488775  9.0  108
234.6625054783668  -73.37521217156095  13.0  109
234.63294736394175  -73.33839910016559  9.0  110
234.6301806316268  -73.33459313581025  13.0  111
234.59949427839257  -73.29980351798962  9.0  112
234.59123881503984  -73.28838931431395  13.0  113
234.57054590956577  -73.25594569974702  9.0  114
234.55412606482113  -73.23312697099227  13.0  115
234.379138512482  -73.38096681607159  8.0  116
234.37778147102756  -73.37906064457351  15.0  117
234.34885859738847  -73.3421938369985  8.0  118
234.34615770933843  -73.3383826983231  15.0  119
234.31606598828043  -73.30353872609693  8.0  120
234.30800710614872  -73.292109072406  15.0  121
234.2878746212772  -73.2596251923405  8.0  122
234.2718456778405  -73.23677571348675  15.0  123
